-6.884422110552763741e+01 6.783919597989947192e+01 8.492462311557790144e+01 6.080402010050249828e+01 -9.597989949748743754e+01 -9.396984924623114921e+01 -5.577889447236181297e+01 -3.165829145728643823e+01 -3.969849246231156314e+01 -1.055276381909548888e+01
-5.577889447236181297e+01 4.673366834170852258e+01 -7.889447236180905065e+01 4.572864321608039972e+01 -3.869346733668342608e+01 -8.592964824120602430e+01 7.185929648241202017e+01 7.185929648241202017e+01 -3.869346733668342608e+01 -2.964824120603014990e+01
3.768844221105527481e+01 3.165829145728642402e+01 -1.356783919597991428e+01 -4.170854271356785148e+01 7.587939698492459684e+01 2.562814070351757323e+01 1.658291457286431125e+01 6.984924623115574605e+01 3.869346733668345450e+01 -9.396984924623114921e+01
6.482412060301507495e+01 -2.562814070351760165e+01 9.195979899497487509e+01 2.663316582914573871e+01 -1.507537688442226909e+00 -1.658291457286433968e+01 -7.537688442211063489e+00 -1.055276381909548888e+01 8.291457286432162732e+01 5.075376884422109924e+01
4.170854271356782306e+01 9.899497487437182031e+01 5.025125628140330036e-01 -1.356783919597991428e+01 4.271356783919594591e+01 -7.587939698492462526e+01 5.979899497487437543e+01 -2.160804020100502498e+01 -6.281407035175880083e+01 -1.155778894472362595e+01
-9.396984924623114921e+01 9.597989949748745175e+01 6.281407035175880083e+01 8.190954773869344763e+01 8.090452261306532478e+01 -7.386934673366835113e+01 -7.286432160804019986e+01 -4.522613065326638093e+00 -3.165829145728643823e+01 3.567839195979897227e+01
7.688442211055277653e+01 7.286432160804019986e+01 5.527638190954789366e+00 -3.467336683417086363e+01 4.522613065326623882e+00 -8.190954773869347605e+01 2.562814070351757323e+01 7.889447236180905065e+01 8.793969849246229842e+01 -7.989949748743718771e+01
-5.276381909547739468e+01 1.356783919597992849e+01 -3.768844221105528192e+01 5.577889447236182718e+01 -5.175879396984925052e+01 -5.075376884422111345e+01 7.487437185929647399e+01 -8.391959798994975017e+01 -9.195979899497487509e+01 -3.517587939698501032e+00
9.698492462311554618e+01 9.798994974874369746e+01 4.572864321608039972e+01 -6.281407035175880083e+01 9.095477386934675224e+01 2.060301507537690213e+01 -8.291457286432161311e+01 -5.979899497487437543e+01 1.256281407035176301e+01 -8.492462311557788723e+01
5.678391959798995003e+01 3.517587939698501032e+00 1.758793969849243410e+01 -3.668341708542713775e+01 -8.291457286432161311e+01 -5.376884422110553174e+01 -6.783919597989950034e+01 -6.683417085427134907e+01 3.517587939698501032e+00 4.974874371859297639e+01
-3.969849246231156314e+01 -6.482412060301507495e+01 -6.281407035175880083e+01 -6.482412060301507495e+01 5.477386934673364749e+01 -6.080402010050251249e+01 -1.155778894472362595e+01 6.180904522613067797e+01 -9.798994974874372588e+01 -9.497487437185930048e+01
4.572864321608039972e+01 1.859296482412059959e+01 8.542713567839200550e+00 -2.562814070351760165e+01 -4.170854271356785148e+01 3.467336683417084942e+01 -6.080402010050251249e+01 -4.572864321608039972e+01 -8.492462311557788723e+01 -7.487437185929648820e+01
-9.497487437185930048e+01 -9.899497487437186294e+01 -1.000000000000000000e+02 -3.768844221105528192e+01 -5.477386934673367591e+01 -8.994974874371860096e+01 9.698492462311554618e+01 2.160804020100502498e+01 7.185929648241202017e+01 -8.693467336683417557e+01
-8.391959798994975017e+01 6.884422110552762319e+01 -7.286432160804019986e+01 7.085427135678392574e+01 2.964824120603012148e+01 7.688442211055277653e+01 4.522613065326623882e+00 3.467336683417084942e+01 2.512562814070349759e+00 9.095477386934675224e+01
4.271356783919594591e+01 -9.396984924623114921e+01 -6.783919597989950034e+01 -8.492462311557788723e+01 -6.884422110552763741e+01 -3.567839195979900069e+01 -3.266331658291457529e+01 -6.281407035175880083e+01 -6.080402010050251249e+01 5.276381909547737337e+01
-6.281407035175880083e+01 8.090452261306532478e+01 -6.381909547738693789e+01 -9.195979899497487509e+01 1.256281407035176301e+01 -6.180904522613065666e+01 -6.381909547738693789e+01 -3.869346733668342608e+01 7.085427135678392574e+01 8.592964824120602430e+01
-8.190954773869347605e+01 9.698492462311554618e+01 8.994974874371860096e+01 -7.537688442211063489e+00 -6.381909547738693789e+01 -7.286432160804019986e+01 -9.396984924623114921e+01 -2.964824120603014990e+01 5.879396984924622416e+01 -2.361809045226131332e+01
9.798994974874369746e+01 5.879396984924622416e+01 -1.557788944723618840e+01 -8.592964824120602430e+01 4.874371859296479670e+01 4.070351758793970021e+01 -4.170854271356785148e+01 2.462311557788945038e+01 -8.592964824120602430e+01 -5.879396984924623126e+01
4.773869346733667385e+01 -8.793969849246231263e+01 -4.170854271356785148e+01 4.170854271356782306e+01 6.482412060301507495e+01 -4.170854271356785148e+01 6.532663316582912216e+00 1.959798994974872244e+01 8.190954773869344763e+01 -8.592964824120602430e+01
-2.763819095477387577e+01 9.497487437185927206e+01 7.587939698492459684e+01 -5.778894472361809420e+01 -7.889447236180905065e+01 -4.572864321608039972e+01 -2.060301507537688792e+01 8.291457286432162732e+01 -9.698492462311557460e+01 -9.698492462311557460e+01
-2.864321608040202705e+01 -6.582914572864322622e+01 6.180904522613067797e+01 -9.698492462311557460e+01 5.678391959798995003e+01 6.482412060301507495e+01 -7.587939698492462526e+01 -4.472361809045226266e+01 9.899497487437182031e+01 -5.527638190954775155e+00
7.587939698492459684e+01 -8.391959798994975017e+01 -4.673366834170854389e+01 7.788944723618089938e+01 -9.497487437185930048e+01 3.165829145728642402e+01 5.175879396984925052e+01 -8.090452261306532478e+01 2.763819095477386156e+01 -5.075376884422111345e+01
-5.175879396984925052e+01 -3.668341708542713775e+01 7.185929648241202017e+01 -2.864321608040202705e+01 -7.487437185929648820e+01 8.391959798994975017e+01 4.572864321608039972e+01 -9.698492462311557460e+01 -2.160804020100502498e+01 -8.894472361809044969e+01
-5.879396984924623126e+01 -9.195979899497487509e+01 4.874371859296479670e+01 -9.396984924623114921e+01 -4.371859296482411850e+01 -6.532663316582926427e+00 9.547738693467351823e+00 2.261306532663316204e+01 2.864321608040199862e+01 4.572864321608039972e+01
5.577889447236182718e+01 6.683417085427134907e+01 -6.482412060301507495e+01 8.793969849246229842e+01 -3.366834170854271235e+01 4.874371859296479670e+01 6.683417085427134907e+01 6.582914572864322622e+01 -5.175879396984925052e+01 -5.979899497487437543e+01
9.547738693467351823e+00 -3.266331658291457529e+01 -2.261306532663317626e+01 7.889447236180905065e+01 -2.562814070351760165e+01 7.587939698492459684e+01 -9.497487437185930048e+01 -6.984924623115577447e+01 -3.467336683417086363e+01 -8.391959798994975017e+01
1.356783919597992849e+01 -1.000000000000000000e+02 3.266331658291460371e+01 7.989949748743717350e+01 -6.683417085427134907e+01 1.758793969849243410e+01 -1.055276381909548888e+01 9.547738693467351823e+00 -4.773869346733668806e+01 -5.678391959798995714e+01
-2.562814070351760165e+01 9.296482412060299794e+01 8.090452261306532478e+01 -2.462311557788945038e+01 3.065326633165830117e+01 -2.462311557788945038e+01 8.693467336683417557e+01 5.025125628140330036e-01 -5.276381909547739468e+01 -1.959798994974875086e+01
-7.487437185929648820e+01 -7.688442211055277653e+01 -9.698492462311557460e+01 5.376884422110552464e+01 -7.085427135678392574e+01 -7.085427135678392574e+01 5.577889447236182718e+01 -5.025125628140898471e-01 6.582914572864322622e+01 -5.577889447236181297e+01
6.783919597989947192e+01 2.663316582914573871e+01 -9.296482412060301215e+01 4.673366834170852258e+01 3.266331658291460371e+01 3.869346733668345450e+01 6.884422110552762319e+01 -2.763819095477387577e+01 -4.874371859296482512e+01 -4.522613065326638093e+00
1.507537688442226909e+00 -9.547738693467351823e+00 -1.457286432160805134e+01 -8.090452261306532478e+01 -3.969849246231156314e+01 8.090452261306532478e+01 -6.180904522613065666e+01 -7.487437185929648820e+01 1.507537688442226909e+00 1.658291457286431125e+01
-8.291457286432161311e+01 9.396984924623114921e+01 6.532663316582912216e+00 -6.080402010050251249e+01 -1.000000000000000000e+02 -6.582914572864322622e+01 -5.276381909547739468e+01 -5.527638190954775155e+00 5.477386934673364749e+01 -1.000000000000000000e+02
5.025125628140330036e-01 -2.060301507537688792e+01 9.698492462311554618e+01 9.497487437185927206e+01 7.989949748743717350e+01 7.286432160804019986e+01 -3.165829145728643823e+01 -3.969849246231156314e+01 5.678391959798995003e+01 -8.090452261306532478e+01
3.467336683417084942e+01 -8.492462311557788723e+01 5.075376884422109924e+01 -7.085427135678392574e+01 6.080402010050249828e+01 7.537688442211077700e+00 2.462311557788945038e+01 6.381909547738695210e+01 -8.894472361809044969e+01 -4.673366834170854389e+01
1.256281407035176301e+01 -8.542713567839200550e+00 -1.055276381909548888e+01 -9.547738693467351823e+00 -9.547738693467351823e+00 -4.974874371859296929e+01 5.075376884422109924e+01 9.195979899497487509e+01 -6.683417085427134907e+01 4.271356783919594591e+01
6.281407035175880083e+01 -5.025125628140898471e-01 -2.462311557788945038e+01 6.582914572864322622e+01 -3.065326633165828696e+01 5.477386934673364749e+01 -6.532663316582926427e+00 6.683417085427134907e+01 -7.085427135678392574e+01 -2.261306532663317626e+01
3.969849246231154893e+01 2.512562814070349759e+00 -5.527638190954775155e+00 2.462311557788945038e+01 2.261306532663316204e+01 6.180904522613067797e+01 -4.874371859296482512e+01 -5.276381909547739468e+01 8.592964824120602430e+01 -1.507537688442226909e+00
-3.768844221105528192e+01 -8.291457286432161311e+01 -3.065326633165828696e+01 -4.773869346733668806e+01 -4.572864321608039972e+01 5.075376884422109924e+01 4.472361809045224845e+01 -1.356783919597991428e+01 -9.396984924623114921e+01 1.055276381909547467e+01
-7.185929648241206280e+01 7.487437185929647399e+01 -5.879396984924623126e+01 1.256281407035176301e+01 -4.522613065326638093e+00 -6.884422110552763741e+01 9.597989949748745175e+01 2.763819095477386156e+01 -2.763819095477387577e+01 3.668341708542715196e+01
-4.773869346733668806e+01 6.582914572864322622e+01 -4.522613065326638093e+00 5.778894472361810131e+01 2.663316582914573871e+01 4.170854271356782306e+01 -4.522613065326638093e+00 -6.080402010050251249e+01 7.386934673366832271e+01 -4.271356783919598854e+01
8.693467336683417557e+01 -1.356783919597991428e+01 2.964824120603012148e+01 5.025125628140330036e-01 -8.592964824120602430e+01 -8.291457286432161311e+01 2.512562814070349759e+00 2.964824120603012148e+01 -6.180904522613065666e+01 8.492462311557790144e+01
-2.261306532663317626e+01 -4.472361809045226266e+01 6.381909547738695210e+01 -5.477386934673367591e+01 3.567839195979897227e+01 -2.562814070351760165e+01 -3.668341708542713775e+01 -2.562814070351760165e+01 -5.025125628140898471e-01 9.396984924623114921e+01
-8.994974874371860096e+01 -5.376884422110553174e+01 -9.095477386934673802e+01 2.964824120603012148e+01 9.597989949748745175e+01 5.025125628140330036e-01 7.889447236180905065e+01 9.296482412060299794e+01 1.658291457286431125e+01 -9.095477386934673802e+01
5.879396984924622416e+01 -7.185929648241206280e+01 -2.060301507537688792e+01 4.070351758793970021e+01 -9.095477386934673802e+01 4.773869346733667385e+01 -2.864321608040202705e+01 -9.597989949748743754e+01 -1.457286432160805134e+01 7.487437185929647399e+01
-1.457286432160805134e+01 9.195979899497487509e+01 6.984924623115574605e+01 -2.512562814070363970e+00 -1.155778894472362595e+01 -4.874371859296482512e+01 3.366834170854272656e+01 1.356783919597992849e+01 -8.190954773869347605e+01 7.889447236180905065e+01
1.959798994974872244e+01 4.974874371859297639e+01 -9.396984924623114921e+01 9.597989949748745175e+01 -1.055276381909548888e+01 2.261306532663316204e+01 5.527638190954789366e+00 -1.959798994974875086e+01 -4.170854271356785148e+01 3.768844221105527481e+01
9.296482412060299794e+01 4.572864321608039972e+01 5.778894472361810131e+01 9.547738693467351823e+00 6.783919597989947192e+01 -1.859296482412059959e+01 -9.597989949748743754e+01 3.165829145728642402e+01 1.356783919597992849e+01 8.291457286432162732e+01
9.597989949748745175e+01 8.894472361809047811e+01 -2.512562814070363970e+00 -4.472361809045226266e+01 1.859296482412059959e+01 9.195979899497487509e+01 3.768844221105527481e+01 -3.065326633165828696e+01 7.587939698492459684e+01 6.180904522613067797e+01
-9.899497487437186294e+01 -8.090452261306532478e+01 -5.276381909547739468e+01 -3.517587939698501032e+00 -1.758793969849246253e+01 -2.964824120603014990e+01 -4.773869346733668806e+01 9.396984924623114921e+01 -2.562814070351760165e+01 -1.859296482412059959e+01
-6.381909547738693789e+01 8.793969849246229842e+01 -1.959798994974875086e+01 -3.266331658291457529e+01 6.281407035175880083e+01 8.542713567839200550e+00 -6.884422110552763741e+01 -7.587939698492462526e+01 6.984924623115574605e+01 1.557788944723618840e+01
7.386934673366832271e+01 -8.693467336683417557e+01 6.884422110552762319e+01 2.060301507537690213e+01 -5.075376884422111345e+01 2.361809045226128490e+01 -9.899497487437186294e+01 -7.889447236180905065e+01 3.668341708542715196e+01 1.256281407035176301e+01
8.492462311557790144e+01 8.693467336683417557e+01 -4.773869346733668806e+01 -4.070351758793970731e+01 6.381909547738695210e+01 -5.879396984924623126e+01 -2.562814070351760165e+01 3.065326633165830117e+01 3.969849246231154893e+01 -7.185929648241206280e+01
-8.492462311557788723e+01 7.788944723618089938e+01 -1.859296482412059959e+01 6.281407035175880083e+01 -7.386934673366835113e+01 -3.165829145728643823e+01 2.663316582914573871e+01 -6.582914572864322622e+01 9.497487437185927206e+01 2.462311557788945038e+01
-1.859296482412059959e+01 -5.477386934673367591e+01 8.894472361809047811e+01 -5.075376884422111345e+01 -8.391959798994975017e+01 -4.070351758793970731e+01 5.477386934673364749e+01 5.979899497487437543e+01 -4.572864321608039972e+01 1.356783919597992849e+01
5.175879396984925052e+01 5.075376884422109924e+01 -8.894472361809044969e+01 -2.261306532663317626e+01 -5.276381909547739468e+01 -7.788944723618089938e+01 -6.984924623115577447e+01 5.577889447236182718e+01 9.095477386934675224e+01 2.261306532663316204e+01
-1.055276381909548888e+01 5.376884422110552464e+01 -8.492462311557788723e+01 9.798994974874369746e+01 -1.457286432160805134e+01 1.457286432160805134e+01 3.668341708542715196e+01 -4.773869346733668806e+01 -6.582914572864322622e+01 -2.663316582914573871e+01
8.793969849246229842e+01 4.170854271356782306e+01 2.462311557788945038e+01 -5.175879396984925052e+01 -2.864321608040202705e+01 5.175879396984925052e+01 4.673366834170852258e+01 5.879396984924622416e+01 -4.974874371859296929e+01 -4.773869346733668806e+01
-8.592964824120602430e+01 -1.055276381909548888e+01 -4.070351758793970731e+01 -5.577889447236181297e+01 -4.773869346733668806e+01 1.959798994974872244e+01 -3.969849246231156314e+01 -7.286432160804019986e+01 7.487437185929647399e+01 6.281407035175880083e+01
-6.683417085427134907e+01 3.768844221105527481e+01 4.773869346733667385e+01 3.467336683417084942e+01 9.497487437185927206e+01 -6.381909547738693789e+01 -2.964824120603014990e+01 9.798994974874369746e+01 -1.658291457286433968e+01 -5.025125628140898471e-01
-1.658291457286433968e+01 -9.698492462311557460e+01 3.065326633165830117e+01 -6.381909547738693789e+01 4.371859296482412560e+01 8.492462311557790144e+01 -4.070351758793970731e+01 -4.874371859296482512e+01 -7.487437185929648820e+01 -9.798994974874372588e+01
-3.165829145728643823e+01 4.371859296482412560e+01 -3.668341708542713775e+01 -1.758793969849246253e+01 -1.256281407035176301e+01 9.296482412060299794e+01 1.155778894472364016e+01 5.678391959798995003e+01 -1.859296482412059959e+01 4.371859296482412560e+01
2.763819095477386156e+01 3.869346733668345450e+01 -3.266331658291457529e+01 7.185929648241202017e+01 3.165829145728642402e+01 -8.090452261306532478e+01 8.492462311557790144e+01 3.567839195979897227e+01 -9.899497487437186294e+01 -5.778894472361809420e+01
-3.567839195979900069e+01 -7.537688442211063489e+00 -5.577889447236181297e+01 -4.572864321608039972e+01 8.492462311557790144e+01 -3.869346733668342608e+01 -1.859296482412059959e+01 8.190954773869344763e+01 4.472361809045224845e+01 3.366834170854272656e+01
-9.798994974874372588e+01 -4.572864321608039972e+01 9.396984924623114921e+01 -1.658291457286433968e+01 -8.894472361809044969e+01 8.190954773869344763e+01 -4.371859296482411850e+01 5.778894472361810131e+01 -3.768844221105528192e+01 9.296482412060299794e+01
9.095477386934675224e+01 -2.261306532663317626e+01 7.537688442211077700e+00 8.090452261306532478e+01 8.994974874371860096e+01 -7.688442211055277653e+01 2.261306532663316204e+01 4.773869346733667385e+01 -8.291457286432161311e+01 2.964824120603012148e+01
6.381909547738695210e+01 -5.577889447236181297e+01 -6.984924623115577447e+01 -8.994974874371860096e+01 6.884422110552762319e+01 2.964824120603012148e+01 -3.768844221105528192e+01 -9.547738693467351823e+00 3.266331658291460371e+01 7.989949748743717350e+01
2.060301507537690213e+01 9.547738693467351823e+00 6.582914572864322622e+01 -3.366834170854271235e+01 3.366834170854272656e+01 -4.271356783919598854e+01 7.537688442211077700e+00 -3.517587939698501032e+00 -8.090452261306532478e+01 6.080402010050249828e+01
-9.195979899497487509e+01 5.276381909547737337e+01 -4.472361809045226266e+01 4.371859296482412560e+01 -6.281407035175880083e+01 -3.768844221105528192e+01 -3.065326633165828696e+01 -2.462311557788945038e+01 3.366834170854272656e+01 -8.793969849246231263e+01
-1.356783919597991428e+01 4.271356783919594591e+01 -3.467336683417086363e+01 -6.683417085427134907e+01 4.572864321608039972e+01 -5.527638190954775155e+00 -8.793969849246231263e+01 -5.376884422110553174e+01 5.778894472361810131e+01 -6.984924623115577447e+01
2.663316582914573871e+01 5.025125628140330036e-01 1.959798994974872244e+01 -3.869346733668342608e+01 4.773869346733667385e+01 -8.693467336683417557e+01 8.391959798994975017e+01 4.522613065326623882e+00 -3.366834170854271235e+01 9.698492462311554618e+01
2.361809045226128490e+01 3.567839195979897227e+01 -7.085427135678392574e+01 3.969849246231154893e+01 -4.874371859296482512e+01 2.763819095477386156e+01 1.356783919597992849e+01 -9.095477386934673802e+01 5.577889447236182718e+01 7.788944723618089938e+01
-4.170854271356785148e+01 2.964824120603012148e+01 1.859296482412059959e+01 -7.386934673366835113e+01 -6.180904522613065666e+01 -1.507537688442226909e+00 9.899497487437182031e+01 1.055276381909547467e+01 -5.527638190954775155e+00 -6.381909547738693789e+01
1.055276381909547467e+01 -8.190954773869347605e+01 8.190954773869344763e+01 9.296482412060299794e+01 -4.673366834170854389e+01 -2.060301507537688792e+01 9.396984924623114921e+01 2.512562814070349759e+00 8.492462311557790144e+01 -2.562814070351760165e+01
2.261306532663316204e+01 -4.522613065326638093e+00 -5.778894472361809420e+01 -4.974874371859296929e+01 -5.778894472361809420e+01 1.557788944723618840e+01 2.763819095477386156e+01 -1.457286432160805134e+01 -7.989949748743718771e+01 -3.768844221105528192e+01
-7.688442211055277653e+01 -2.160804020100502498e+01 9.547738693467351823e+00 -5.025125628140898471e-01 -8.190954773869347605e+01 -4.773869346733668806e+01 9.798994974874369746e+01 3.969849246231154893e+01 -1.507537688442226909e+00 -3.969849246231156314e+01
7.989949748743717350e+01 8.492462311557790144e+01 -9.597989949748743754e+01 8.693467336683417557e+01 -5.577889447236181297e+01 4.371859296482412560e+01 -7.889447236180905065e+01 9.597989949748745175e+01 -2.462311557788945038e+01 6.984924623115574605e+01
-7.587939698492462526e+01 4.070351758793970021e+01 5.577889447236182718e+01 -2.160804020100502498e+01 8.693467336683417557e+01 3.969849246231154893e+01 8.592964824120602430e+01 -7.537688442211063489e+00 4.371859296482412560e+01 8.894472361809047811e+01
9.396984924623114921e+01 -4.070351758793970731e+01 -7.185929648241206280e+01 1.000000000000000000e+02 8.542713567839200550e+00 -8.793969849246231263e+01 -9.195979899497487509e+01 -3.366834170854271235e+01 -1.055276381909548888e+01 -7.286432160804019986e+01
4.874371859296479670e+01 -4.371859296482411850e+01 6.482412060301507495e+01 -3.065326633165828696e+01 5.979899497487437543e+01 -5.477386934673367591e+01 -8.391959798994975017e+01 3.266331658291460371e+01 4.070351758793970021e+01 -2.512562814070363970e+00
-9.547738693467351823e+00 -5.778894472361809420e+01 4.974874371859297639e+01 -7.286432160804019986e+01 -6.783919597989950034e+01 -2.663316582914573871e+01 8.994974874371860096e+01 -4.271356783919598854e+01 -8.994974874371860096e+01 5.979899497487437543e+01
3.065326633165830117e+01 1.155778894472364016e+01 6.783919597989947192e+01 7.286432160804019986e+01 1.356783919597992849e+01 -8.542713567839200550e+00 -1.507537688442226909e+00 -6.180904522613065666e+01 -2.261306532663317626e+01 3.969849246231154893e+01
-8.793969849246231263e+01 -6.683417085427134907e+01 3.768844221105527481e+01 -6.884422110552763741e+01 5.025125628140330036e-01 8.894472361809047811e+01 -1.000000000000000000e+02 -3.567839195979900069e+01 4.271356783919594591e+01 -3.567839195979900069e+01
-1.507537688442226909e+00 5.527638190954789366e+00 5.879396984924622416e+01 -5.376884422110553174e+01 -7.537688442211063489e+00 -8.894472361809044969e+01 1.758793969849243410e+01 -2.060301507537688792e+01 -1.557788944723618840e+01 2.512562814070349759e+00
1.859296482412059959e+01 4.472361809045224845e+01 -1.658291457286433968e+01 8.994974874371860096e+01 6.582914572864322622e+01 5.577889447236182718e+01 9.195979899497487509e+01 -6.884422110552763741e+01 -1.155778894472362595e+01 -4.070351758793970731e+01
-1.155778894472362595e+01 -9.597989949748743754e+01 4.673366834170852258e+01 9.698492462311554618e+01 -2.160804020100502498e+01 6.783919597989947192e+01 -3.517587939698501032e+00 -2.864321608040202705e+01 -7.889447236180905065e+01 -1.356783919597991428e+01
-6.783919597989950034e+01 -6.180904522613065666e+01 -2.663316582914573871e+01 -7.185929648241206280e+01 -6.984924623115577447e+01 9.798994974874369746e+01 -9.798994974874372588e+01 9.899497487437182031e+01 -4.070351758793970731e+01 -2.160804020100502498e+01
-4.522613065326638093e+00 -5.276381909547739468e+01 -5.477386934673367591e+01 8.391959798994975017e+01 -4.472361809045226266e+01 -5.577889447236181297e+01 -8.693467336683417557e+01 -5.175879396984925052e+01 3.567839195979897227e+01 -7.788944723618089938e+01
-4.371859296482411850e+01 -2.512562814070363970e+00 -4.874371859296482512e+01 3.165829145728642402e+01 7.537688442211077700e+00 -4.522613065326638093e+00 1.507537688442226909e+00 1.758793969849243410e+01 5.376884422110552464e+01 4.170854271356782306e+01
4.371859296482412560e+01 8.291457286432162732e+01 -5.025125628140898471e-01 1.959798994974872244e+01 -2.462311557788945038e+01 2.462311557788945038e+01 -4.974874371859296929e+01 -2.663316582914573871e+01 5.979899497487437543e+01 -5.376884422110553174e+01
2.864321608040199862e+01 -3.467336683417086363e+01 1.457286432160805134e+01 -1.000000000000000000e+02 5.778894472361810131e+01 -7.989949748743718771e+01 -2.663316582914573871e+01 6.482412060301507495e+01 7.788944723618089938e+01 -4.572864321608039972e+01
-8.894472361809044969e+01 -6.532663316582926427e+00 -6.532663316582926427e+00 3.869346733668345450e+01 -7.286432160804019986e+01 -2.763819095477387577e+01 -9.698492462311557460e+01 -1.256281407035176301e+01 -3.266331658291457529e+01 -3.366834170854271235e+01
-1.959798994974875086e+01 -1.155778894472362595e+01 -2.763819095477387577e+01 2.763819095477386156e+01 -9.396984924623114921e+01 -6.984924623115577447e+01 9.497487437185927206e+01 -1.859296482412059959e+01 -2.361809045226131332e+01 6.582914572864322622e+01
7.185929648241202017e+01 1.658291457286431125e+01 2.763819095477386156e+01 -3.969849246231156314e+01 -7.788944723618089938e+01 6.381909547738695210e+01 -2.462311557788945038e+01 -5.075376884422111345e+01 -9.547738693467351823e+00 -7.688442211055277653e+01
-8.090452261306532478e+01 -6.381909547738693789e+01 -8.994974874371860096e+01 5.678391959798995003e+01 -1.356783919597991428e+01 -7.487437185929648820e+01 6.281407035175880083e+01 7.989949748743717350e+01 -7.537688442211063489e+00 6.783919597989947192e+01
-2.060301507537688792e+01 1.055276381909547467e+01 -2.160804020100502498e+01 -6.180904522613065666e+01 1.155778894472364016e+01 7.487437185929647399e+01 5.879396984924622416e+01 5.477386934673364749e+01 6.884422110552762319e+01 6.482412060301507495e+01
-2.663316582914573871e+01 -3.768844221105528192e+01 5.979899497487437543e+01 1.356783919597992849e+01 9.195979899497487509e+01 -3.467336683417086363e+01 4.170854271356782306e+01 9.095477386934675224e+01 5.527638190954789366e+00 -8.542713567839200550e+00
-4.271356783919598854e+01 -4.673366834170854389e+01 9.095477386934675224e+01 5.175879396984925052e+01 -4.974874371859296929e+01 3.065326633165830117e+01 3.165829145728642402e+01 5.276381909547737337e+01 1.155778894472364016e+01 -1.256281407035176301e+01
2.562814070351757323e+01 6.281407035175880083e+01 3.869346733668345450e+01 -6.582914572864322622e+01 3.668341708542715196e+01 5.376884422110552464e+01 6.984924623115574605e+01 -4.974874371859296929e+01 -3.517587939698501032e+00 -6.783919597989950034e+01
5.075376884422109924e+01 -6.984924623115577447e+01 -9.497487437185930048e+01 -9.296482412060301215e+01 -1.557788944723618840e+01 9.095477386934675224e+01 5.376884422110552464e+01 -4.371859296482411850e+01 -2.512562814070363970e+00 2.864321608040199862e+01
-3.668341708542713775e+01 -7.788944723618089938e+01 -7.487437185929648820e+01 8.592964824120602430e+01 -4.271356783919598854e+01 2.663316582914573871e+01 -8.894472361809044969e+01 7.386934673366832271e+01 4.974874371859297639e+01 -7.537688442211063489e+00
5.276381909547737337e+01 3.668341708542715196e+01 9.597989949748745175e+01 -2.361809045226131332e+01 4.170854271356782306e+01 5.979899497487437543e+01 -4.673366834170854389e+01 -6.482412060301507495e+01 2.964824120603012148e+01 -6.080402010050251249e+01
-3.869346733668342608e+01 -3.366834170854271235e+01 -7.386934673366835113e+01 -4.371859296482411850e+01 7.185929648241202017e+01 3.567839195979897227e+01 -1.959798994974875086e+01 4.874371859296479670e+01 4.673366834170852258e+01 -1.758793969849246253e+01
-1.557788944723618840e+01 -1.859296482412059959e+01 8.793969849246229842e+01 6.180904522613067797e+01 7.688442211055277653e+01 -2.261306532663317626e+01 -7.185929648241206280e+01 -1.155778894472362595e+01 -5.376884422110553174e+01 9.497487437185927206e+01
2.160804020100502498e+01 -1.658291457286433968e+01 3.467336683417084942e+01 5.276381909547737337e+01 -4.070351758793970731e+01 9.547738693467351823e+00 2.964824120603012148e+01 -4.673366834170854389e+01 8.090452261306532478e+01 4.070351758793970021e+01
-3.366834170854271235e+01 -5.075376884422111345e+01 2.663316582914573871e+01 3.668341708542715196e+01 7.386934673366832271e+01 2.864321608040199862e+01 -1.758793969849246253e+01 -8.542713567839200550e+00 -4.673366834170854389e+01 9.597989949748745175e+01
-7.889447236180905065e+01 6.381909547738695210e+01 2.864321608040199862e+01 -8.542713567839200550e+00 -6.080402010050251249e+01 1.507537688442226909e+00 -6.683417085427134907e+01 -4.170854271356785148e+01 -8.693467336683417557e+01 -1.557788944723618840e+01
8.994974874371860096e+01 7.688442211055277653e+01 -7.788944723618089938e+01 2.512562814070349759e+00 -7.688442211055277653e+01 -9.547738693467351823e+00 -5.025125628140898471e-01 8.542713567839200550e+00 8.542713567839200550e+00 6.381909547738695210e+01
9.195979899497487509e+01 2.562814070351757323e+01 -9.899497487437186294e+01 -7.688442211055277653e+01 9.698492462311554618e+01 4.472361809045224845e+01 -2.160804020100502498e+01 5.527638190954789366e+00 -1.256281407035176301e+01 -4.472361809045226266e+01
4.070351758793970021e+01 -7.989949748743718771e+01 6.683417085427134907e+01 1.859296482412059959e+01 -5.678391959798995714e+01 9.597989949748745175e+01 7.587939698492459684e+01 -7.386934673366835113e+01 -5.979899497487437543e+01 3.266331658291460371e+01
5.778894472361810131e+01 -1.256281407035176301e+01 -9.798994974874372588e+01 6.783919597989947192e+01 8.793969849246229842e+01 -7.185929648241206280e+01 8.190954773869344763e+01 -8.693467336683417557e+01 -5.477386934673367591e+01 9.547738693467351823e+00
2.512562814070349759e+00 -5.175879396984925052e+01 2.060301507537690213e+01 9.899497487437182031e+01 -9.798994974874372588e+01 -6.482412060301507495e+01 3.869346733668345450e+01 -5.778894472361809420e+01 -6.381909547738693789e+01 5.879396984924622416e+01
3.165829145728642402e+01 -2.864321608040202705e+01 -7.587939698492462526e+01 5.979899497487437543e+01 5.276381909547737337e+01 -9.095477386934673802e+01 -7.386934673366835113e+01 8.592964824120602430e+01 8.391959798994975017e+01 6.532663316582912216e+00
-1.000000000000000000e+02 1.256281407035176301e+01 7.889447236180905065e+01 -2.763819095477387577e+01 1.507537688442226909e+00 -4.371859296482411850e+01 6.783919597989947192e+01 -9.396984924623114921e+01 4.572864321608039972e+01 -4.974874371859296929e+01
1.000000000000000000e+02 -4.874371859296482512e+01 1.658291457286431125e+01 -9.497487437185930048e+01 -8.793969849246231263e+01 6.281407035175880083e+01 8.793969849246229842e+01 -8.291457286432161311e+01 9.798994974874369746e+01 8.090452261306532478e+01
7.487437185929647399e+01 1.959798994974872244e+01 9.296482412060299794e+01 8.492462311557790144e+01 -8.492462311557788723e+01 -5.979899497487437543e+01 -4.472361809045226266e+01 -1.557788944723618840e+01 -1.356783919597991428e+01 9.798994974874369746e+01
-5.025125628140898471e-01 -8.592964824120602430e+01 -8.793969849246231263e+01 7.587939698492459684e+01 2.864321608040199862e+01 4.974874371859297639e+01 -5.376884422110553174e+01 -2.512562814070363970e+00 -7.587939698492462526e+01 2.763819095477386156e+01
1.557788944723618840e+01 -1.557788944723618840e+01 1.055276381909547467e+01 -5.527638190954775155e+00 2.462311557788945038e+01 -4.673366834170854389e+01 2.864321608040199862e+01 8.793969849246229842e+01 -5.678391959798995714e+01 5.778894472361810131e+01
-6.984924623115577447e+01 -3.869346733668342608e+01 2.512562814070349759e+00 -9.899497487437186294e+01 4.673366834170852258e+01 8.793969849246229842e+01 -9.547738693467351823e+00 1.457286432160805134e+01 6.381909547738695210e+01 5.577889447236182718e+01
7.085427135678392574e+01 -6.080402010050251249e+01 7.989949748743717350e+01 -9.798994974874372588e+01 -8.693467336683417557e+01 -2.512562814070363970e+00 9.095477386934675224e+01 4.572864321608039972e+01 9.698492462311554618e+01 5.175879396984925052e+01
-1.758793969849246253e+01 6.180904522613067797e+01 1.507537688442226909e+00 8.291457286432162732e+01 1.658291457286431125e+01 -4.472361809045226266e+01 1.457286432160805134e+01 1.155778894472364016e+01 -8.542713567839200550e+00 -5.477386934673367591e+01
-5.778894472361809420e+01 -7.889447236180905065e+01 7.688442211055277653e+01 5.527638190954789366e+00 3.517587939698501032e+00 8.693467336683417557e+01 -1.356783919597991428e+01 -7.688442211055277653e+01 -8.793969849246231263e+01 -7.386934673366835113e+01
4.673366834170852258e+01 5.477386934673364749e+01 -3.366834170854271235e+01 -1.557788944723618840e+01 6.984924623115574605e+01 9.899497487437182031e+01 5.276381909547737337e+01 2.864321608040199862e+01 8.693467336683417557e+01 -6.884422110552763741e+01
-9.597989949748743754e+01 -7.587939698492462526e+01 -6.180904522613065666e+01 -4.673366834170854389e+01 1.758793969849243410e+01 -1.959798994974875086e+01 1.055276381909547467e+01 2.361809045226128490e+01 -9.497487437185930048e+01 -6.582914572864322622e+01
-6.582914572864322622e+01 -8.994974874371860096e+01 -2.964824120603014990e+01 6.482412060301507495e+01 2.562814070351757323e+01 7.386934673366832271e+01 8.542713567839200550e+00 4.472361809045224845e+01 4.874371859296479670e+01 -2.060301507537688792e+01
-5.477386934673367591e+01 5.678391959798995003e+01 1.356783919597992849e+01 -1.457286432160805134e+01 -3.266331658291457529e+01 7.185929648241202017e+01 -5.879396984924623126e+01 2.663316582914573871e+01 -3.065326633165828696e+01 -3.869346733668342608e+01
-5.376884422110553174e+01 1.557788944723618840e+01 -6.582914572864322622e+01 -8.291457286432161311e+01 -2.261306532663317626e+01 7.085427135678392574e+01 7.788944723618089938e+01 4.070351758793970021e+01 2.562814070351757323e+01 5.678391959798995003e+01
-7.989949748743718771e+01 2.160804020100502498e+01 -1.507537688442226909e+00 4.271356783919594591e+01 -6.532663316582926427e+00 6.884422110552762319e+01 7.085427135678392574e+01 -6.532663316582926427e+00 -6.532663316582926427e+00 -9.296482412060301215e+01
-2.512562814070363970e+00 -5.527638190954775155e+00 3.165829145728642402e+01 -1.055276381909548888e+01 -3.165829145728643823e+01 -9.497487437185930048e+01 -8.492462311557788723e+01 -7.788944723618089938e+01 7.688442211055277653e+01 8.994974874371860096e+01
1.758793969849243410e+01 -1.457286432160805134e+01 -5.376884422110553174e+01 6.683417085427134907e+01 1.557788944723618840e+01 1.859296482412059959e+01 6.381909547738695210e+01 -7.185929648241206280e+01 3.467336683417084942e+01 -7.587939698492462526e+01
-5.979899497487437543e+01 1.758793969849243410e+01 8.391959798994975017e+01 8.894472361809047811e+01 -8.542713567839200550e+00 -9.798994974874372588e+01 -2.361809045226131332e+01 1.658291457286431125e+01 9.547738693467351823e+00 7.286432160804019986e+01
6.080402010050249828e+01 7.085427135678392574e+01 -4.974874371859296929e+01 -9.095477386934673802e+01 8.592964824120602430e+01 -1.155778894472362595e+01 6.180904522613067797e+01 -9.798994974874372588e+01 8.894472361809047811e+01 -6.683417085427134907e+01
-7.386934673366835113e+01 5.778894472361810131e+01 -5.979899497487437543e+01 -8.391959798994975017e+01 -5.879396984924623126e+01 5.879396984924622416e+01 4.773869346733667385e+01 7.537688442211077700e+00 -9.296482412060301215e+01 -6.281407035175880083e+01
3.366834170854272656e+01 -3.165829145728643823e+01 2.160804020100502498e+01 -2.663316582914573871e+01 5.376884422110552464e+01 -9.296482412060301215e+01 1.557788944723618840e+01 -3.668341708542713775e+01 2.663316582914573871e+01 -7.889447236180905065e+01
3.668341708542715196e+01 -8.894472361809044969e+01 -4.572864321608039972e+01 4.773869346733667385e+01 -9.698492462311557460e+01 -9.698492462311557460e+01 -1.457286432160805134e+01 6.783919597989947192e+01 6.482412060301507495e+01 6.884422110552762319e+01
-4.472361809045226266e+01 -6.281407035175880083e+01 -6.080402010050251249e+01 4.472361809045224845e+01 -1.959798994974875086e+01 6.532663316582912216e+00 1.959798994974872244e+01 8.492462311557790144e+01 7.286432160804019986e+01 7.085427135678392574e+01
3.567839195979897227e+01 -9.798994974874372588e+01 -8.592964824120602430e+01 5.879396984924622416e+01 1.055276381909547467e+01 6.582914572864322622e+01 -7.487437185929648820e+01 -5.879396984924623126e+01 -6.884422110552763741e+01 5.025125628140330036e-01
6.884422110552762319e+01 6.984924623115574605e+01 -6.884422110552763741e+01 -6.783919597989950034e+01 2.512562814070349759e+00 -1.055276381909548888e+01 1.000000000000000000e+02 4.271356783919594591e+01 -5.879396984924623126e+01 4.522613065326623882e+00
2.462311557788945038e+01 -5.678391959798995714e+01 7.386934673366832271e+01 3.567839195979897227e+01 9.396984924623114921e+01 3.266331658291460371e+01 5.025125628140330036e-01 -5.477386934673367591e+01 -3.668341708542713775e+01 2.060301507537690213e+01
9.497487437185927206e+01 -2.361809045226131332e+01 4.271356783919594591e+01 -6.532663316582926427e+00 -2.964824120603014990e+01 4.522613065326623882e+00 -7.989949748743718771e+01 -8.793969849246231263e+01 6.783919597989947192e+01 2.562814070351757323e+01
-9.095477386934673802e+01 -4.170854271356785148e+01 -5.175879396984925052e+01 3.517587939698501032e+00 -7.185929648241206280e+01 -1.557788944723618840e+01 3.467336683417084942e+01 -9.497487437185930048e+01 2.361809045226128490e+01 -6.180904522613065666e+01
7.788944723618089938e+01 -1.758793969849246253e+01 -8.542713567839200550e+00 -4.271356783919598854e+01 -3.567839195979900069e+01 -1.256281407035176301e+01 -2.261306532663317626e+01 2.060301507537690213e+01 -6.984924623115577447e+01 -5.175879396984925052e+01
1.658291457286431125e+01 -2.462311557788945038e+01 -2.864321608040202705e+01 -5.276381909547739468e+01 5.075376884422109924e+01 -5.778894472361809420e+01 4.371859296482412560e+01 8.391959798994975017e+01 -9.095477386934673802e+01 3.065326633165830117e+01
-3.266331658291457529e+01 3.467336683417084942e+01 3.969849246231154893e+01 -3.165829145728643823e+01 -2.663316582914573871e+01 -1.356783919597991428e+01 8.894472361809047811e+01 -1.758793969849246253e+01 1.557788944723618840e+01 8.542713567839200550e+00
-3.065326633165828696e+01 8.391959798994975017e+01 4.070351758793970021e+01 6.884422110552762319e+01 -2.060301507537688792e+01 -8.391959798994975017e+01 -5.075376884422111345e+01 7.688442211055277653e+01 -3.567839195979900069e+01 4.673366834170852258e+01
-2.361809045226131332e+01 8.190954773869344763e+01 5.376884422110552464e+01 -1.959798994974875086e+01 6.532663316582912216e+00 -6.281407035175880083e+01 -6.582914572864322622e+01 8.994974874371860096e+01 5.175879396984925052e+01 -8.190954773869347605e+01
2.964824120603012148e+01 2.261306532663316204e+01 -8.391959798994975017e+01 -1.507537688442226909e+00 -3.668341708542713775e+01 -3.266331658291457529e+01 -5.527638190954775155e+00 -9.195979899497487509e+01 -4.271356783919598854e+01 -3.668341708542713775e+01
7.889447236180905065e+01 8.592964824120602430e+01 -8.190954773869347605e+01 3.366834170854272656e+01 7.286432160804019986e+01 -7.537688442211063489e+00 -9.296482412060301215e+01 8.693467336683417557e+01 9.296482412060299794e+01 9.899497487437182031e+01
6.532663316582912216e+00 3.266331658291460371e+01 -1.155778894472362595e+01 6.532663316582912216e+00 -3.467336683417086363e+01 8.592964824120602430e+01 -8.090452261306532478e+01 -1.507537688442226909e+00 -7.286432160804019986e+01 2.663316582914573871e+01
5.527638190954789366e+00 -6.884422110552763741e+01 8.693467336683417557e+01 -9.597989949748743754e+01 -2.512562814070363970e+00 -1.000000000000000000e+02 3.266331658291460371e+01 -3.266331658291457529e+01 1.959798994974872244e+01 7.386934673366832271e+01
-8.542713567839200550e+00 -2.964824120603014990e+01 -7.989949748743718771e+01 -8.793969849246231263e+01 7.889447236180905065e+01 5.778894472361810131e+01 -9.095477386934673802e+01 -7.085427135678392574e+01 7.989949748743717350e+01 -3.065326633165828696e+01
-2.462311557788945038e+01 2.763819095477386156e+01 4.170854271356782306e+01 -8.693467336683417557e+01 8.291457286432162732e+01 8.291457286432162732e+01 -5.175879396984925052e+01 4.673366834170852258e+01 -8.391959798994975017e+01 -2.462311557788945038e+01
-5.075376884422111345e+01 -3.567839195979900069e+01 7.286432160804019986e+01 1.658291457286431125e+01 7.487437185929647399e+01 -2.864321608040202705e+01 4.974874371859297639e+01 6.884422110552762319e+01 1.457286432160805134e+01 4.472361809045224845e+01
-3.517587939698501032e+00 7.537688442211077700e+00 1.256281407035176301e+01 9.396984924623114921e+01 -5.527638190954775155e+00 7.989949748743717350e+01 -4.572864321608039972e+01 7.085427135678392574e+01 -7.788944723618089938e+01 -6.482412060301507495e+01
-6.532663316582926427e+00 -4.974874371859296929e+01 -3.869346733668342608e+01 1.557788944723618840e+01 -1.859296482412059959e+01 9.698492462311554618e+01 1.859296482412059959e+01 -8.492462311557788723e+01 3.065326633165830117e+01 2.160804020100502498e+01
-4.874371859296482512e+01 -7.286432160804019986e+01 6.080402010050249828e+01 7.688442211055277653e+01 -7.587939698492462526e+01 -5.276381909547739468e+01 -8.542713567839200550e+00 1.859296482412059959e+01 -2.060301507537688792e+01 1.859296482412059959e+01
8.592964824120602430e+01 -3.517587939698501032e+00 8.592964824120602430e+01 7.487437185929647399e+01 5.577889447236182718e+01 -5.175879396984925052e+01 6.482412060301507495e+01 7.286432160804019986e+01 -7.386934673366835113e+01 -4.371859296482411850e+01
-2.964824120603014990e+01 6.482412060301507495e+01 9.899497487437182031e+01 7.386934673366832271e+01 -9.899497487437186294e+01 7.889447236180905065e+01 -3.467336683417086363e+01 -7.989949748743718771e+01 3.165829145728642402e+01 -9.899497487437186294e+01
8.542713567839200550e+00 4.522613065326623882e+00 -5.678391959798995714e+01 -4.874371859296482512e+01 2.763819095477386156e+01 -3.969849246231156314e+01 7.286432160804019986e+01 9.698492462311554618e+01 -7.185929648241206280e+01 1.000000000000000000e+02
8.894472361809047811e+01 1.000000000000000000e+02 -5.075376884422111345e+01 3.266331658291460371e+01 -8.090452261306532478e+01 -5.025125628140898471e-01 -4.271356783919598854e+01 -5.577889447236181297e+01 -2.864321608040202705e+01 -9.597989949748743754e+01
9.899497487437182031e+01 7.989949748743717350e+01 9.798994974874369746e+01 9.095477386934675224e+01 9.547738693467351823e+00 5.527638190954789366e+00 -6.281407035175880083e+01 6.281407035175880083e+01 4.522613065326623882e+00 1.507537688442226909e+00
3.517587939698501032e+00 3.065326633165830117e+01 -2.361809045226131332e+01 8.542713567839200550e+00 1.959798994974872244e+01 -2.160804020100502498e+01 -8.190954773869347605e+01 3.668341708542715196e+01 -4.522613065326638093e+00 8.190954773869344763e+01
-6.482412060301507495e+01 -1.959798994974875086e+01 -4.371859296482411850e+01 -7.788944723618089938e+01 4.472361809045224845e+01 -3.366834170854271235e+01 -5.778894472361809420e+01 -5.678391959798995714e+01 1.859296482412059959e+01 -3.266331658291457529e+01
8.391959798994975017e+01 5.175879396984925052e+01 -7.688442211055277653e+01 -2.964824120603014990e+01 -2.763819095477387577e+01 -3.668341708542713775e+01 -1.557788944723618840e+01 7.487437185929647399e+01 6.532663316582912216e+00 7.587939698492459684e+01
4.522613065326623882e+00 -7.386934673366835113e+01 -3.567839195979900069e+01 4.974874371859297639e+01 -3.517587939698501032e+00 4.572864321608039972e+01 -7.085427135678392574e+01 7.587939698492459684e+01 -1.000000000000000000e+02 -9.547738693467351823e+00
-7.085427135678392574e+01 8.994974874371860096e+01 -8.090452261306532478e+01 -8.894472361809044969e+01 -3.768844221105528192e+01 4.673366834170852258e+01 3.065326633165830117e+01 5.175879396984925052e+01 -1.959798994974875086e+01 -9.195979899497487509e+01
1.155778894472364016e+01 2.462311557788945038e+01 4.371859296482412560e+01 -5.879396984924623126e+01 -7.989949748743718771e+01 -6.783919597989950034e+01 6.080402010050249828e+01 4.974874371859297639e+01 5.025125628140330036e-01 -7.085427135678392574e+01
-7.286432160804019986e+01 5.979899497487437543e+01 7.085427135678392574e+01 2.864321608040199862e+01 8.894472361809047811e+01 6.080402010050249828e+01 -8.994974874371860096e+01 3.768844221105527481e+01 5.075376884422109924e+01 -4.874371859296482512e+01
6.683417085427134907e+01 4.773869346733667385e+01 3.668341708542715196e+01 9.195979899497487509e+01 7.788944723618089938e+01 -9.597989949748743754e+01 -3.366834170854271235e+01 -3.768844221105528192e+01 6.683417085427134907e+01 4.773869346733667385e+01
-7.537688442211063489e+00 9.095477386934675224e+01 -3.969849246231156314e+01 -8.190954773869347605e+01 4.974874371859297639e+01 1.658291457286431125e+01 2.160804020100502498e+01 -1.658291457286433968e+01 -6.482412060301507495e+01 5.376884422110552464e+01
8.190954773869344763e+01 -9.296482412060301215e+01 -8.693467336683417557e+01 -1.256281407035176301e+01 1.457286432160805134e+01 5.276381909547737337e+01 7.688442211055277653e+01 1.507537688442226909e+00 2.160804020100502498e+01 1.758793969849243410e+01
6.582914572864322622e+01 2.060301507537690213e+01 2.562814070351757323e+01 -1.859296482412059959e+01 -8.994974874371860096e+01 7.788944723618089938e+01 -5.678391959798995714e+01 1.557788944723618840e+01 1.000000000000000000e+02 -3.467336683417086363e+01
5.376884422110552464e+01 7.889447236180905065e+01 5.276381909547737337e+01 -6.984924623115577447e+01 5.175879396984925052e+01 5.678391959798995003e+01 -2.763819095477387577e+01 -2.361809045226131332e+01 2.060301507537690213e+01 4.874371859296479670e+01
4.974874371859297639e+01 7.386934673366832271e+01 9.497487437185927206e+01 2.562814070351757323e+01 7.085427135678392574e+01 -5.678391959798995714e+01 -1.256281407035176301e+01 -9.899497487437186294e+01 6.180904522613067797e+01 3.869346733668345450e+01
8.291457286432162732e+01 5.577889447236182718e+01 1.155778894472364016e+01 4.522613065326623882e+00 9.899497487437182031e+01 -2.361809045226131332e+01 -5.979899497487437543e+01 6.080402010050249828e+01 9.396984924623114921e+01 8.391959798994975017e+01
-4.673366834170854389e+01 8.542713567839200550e+00 -1.256281407035176301e+01 1.055276381909547467e+01 -2.361809045226131332e+01 -3.065326633165828696e+01 2.361809045226128490e+01 -6.381909547738693789e+01 -6.783919597989950034e+01 5.477386934673364749e+01
-9.698492462311557460e+01 -6.783919597989950034e+01 -1.758793969849246253e+01 -7.989949748743718771e+01 3.869346733668345450e+01 6.683417085427134907e+01 5.678391959798995003e+01 3.366834170854272656e+01 -9.597989949748743754e+01 1.155778894472364016e+01
-8.693467336683417557e+01 2.361809045226128490e+01 3.567839195979897227e+01 3.768844221105527481e+01 9.296482412060299794e+01 -1.758793969849246253e+01 -3.869346733668342608e+01 -8.592964824120602430e+01 -5.577889447236181297e+01 6.683417085427134907e+01
-7.788944723618089938e+01 -5.979899497487437543e+01 7.487437185929647399e+01 -7.587939698492462526e+01 -9.195979899497487509e+01 3.517587939698501032e+00 -5.477386934673367591e+01 8.090452261306532478e+01 3.768844221105527481e+01 9.195979899497487509e+01
-9.296482412060301215e+01 6.080402010050249828e+01 4.472361809045224845e+01 1.457286432160805134e+01 -5.376884422110553174e+01 9.396984924623114921e+01 -7.788944723618089938e+01 5.075376884422109924e+01 9.195979899497487509e+01 8.793969849246229842e+01
-3.467336683417086363e+01 2.864321608040199862e+01 5.175879396984925052e+01 -3.567839195979900069e+01 -1.658291457286433968e+01 3.668341708542715196e+01 -1.658291457286433968e+01 -6.783919597989950034e+01 -2.663316582914573871e+01 7.185929648241202017e+01
-4.974874371859296929e+01 7.185929648241202017e+01 -3.517587939698501032e+00 2.361809045226128490e+01 4.070351758793970021e+01 -8.492462311557788723e+01 9.296482412060299794e+01 1.000000000000000000e+02 7.889447236180905065e+01 -2.864321608040202705e+01
-5.527638190954775155e+00 -2.663316582914573871e+01 -4.271356783919598854e+01 3.065326633165830117e+01 2.060301507537690213e+01 1.055276381909547467e+01 6.582914572864322622e+01 -2.261306532663317626e+01 5.276381909547737337e+01 3.517587939698501032e+00
-2.160804020100502498e+01 -4.271356783919598854e+01 1.557788944723618840e+01 2.261306532663316204e+01 -5.025125628140898471e-01 6.984924623115574605e+01 1.256281407035176301e+01 6.532663316582912216e+00 -1.758793969849246253e+01 3.467336683417084942e+01
8.090452261306532478e+01 -7.085427135678392574e+01 -9.195979899497487509e+01 7.537688442211077700e+00 2.361809045226128490e+01 4.271356783919594591e+01 -3.567839195979900069e+01 8.894472361809047811e+01 9.597989949748745175e+01 1.959798994974872244e+01
7.286432160804019986e+01 -2.763819095477387577e+01 4.522613065326623882e+00 6.984924623115574605e+01 -6.582914572864322622e+01 -6.683417085427134907e+01 -7.688442211055277653e+01 -8.894472361809044969e+01 4.773869346733667385e+01 7.537688442211077700e+00
6.984924623115574605e+01 -9.497487437185930048e+01 1.000000000000000000e+02 -1.155778894472362595e+01 8.190954773869344763e+01 3.366834170854272656e+01 -2.512562814070363970e+00 4.170854271356782306e+01 -4.472361809045226266e+01 -3.165829145728643823e+01
3.869346733668345450e+01 -5.879396984924623126e+01 2.361809045226128490e+01 -7.889447236180905065e+01 6.180904522613067797e+01 -7.889447236180905065e+01 3.567839195979897227e+01 5.376884422110552464e+01 -7.688442211055277653e+01 3.165829145728642402e+01
-6.180904522613065666e+01 -3.065326633165828696e+01 8.291457286432162732e+01 1.155778894472364016e+01 5.527638190954789366e+00 8.994974874371860096e+01 4.874371859296479670e+01 3.517587939698501032e+00 -2.964824120603014990e+01 -4.170854271356785148e+01
7.537688442211077700e+00 3.969849246231154893e+01 3.366834170854272656e+01 2.160804020100502498e+01 -5.979899497487437543e+01 1.000000000000000000e+02 3.969849246231154893e+01 -9.296482412060301215e+01 1.758793969849243410e+01 -1.457286432160805134e+01
6.180904522613067797e+01 3.366834170854272656e+01 5.477386934673364749e+01 5.477386934673364749e+01 -6.482412060301507495e+01 -1.457286432160805134e+01 3.517587939698501032e+00 -8.190954773869347605e+01 -4.371859296482411850e+01 -2.763819095477387577e+01
5.477386934673364749e+01 7.587939698492459684e+01 2.261306532663316204e+01 4.874371859296479670e+01 2.160804020100502498e+01 -9.195979899497487509e+01 2.060301507537690213e+01 7.788944723618089938e+01 7.537688442211077700e+00 7.688442211055277653e+01
-1.256281407035176301e+01 4.874371859296479670e+01 -8.291457286432161311e+01 1.758793969849243410e+01 -9.296482412060301215e+01 9.497487437185927206e+01 8.090452261306532478e+01 9.497487437185927206e+01 6.281407035175880083e+01 5.527638190954789366e+00
3.266331658291460371e+01 6.532663316582912216e+00 -6.683417085427134907e+01 -5.678391959798995714e+01 8.391959798994975017e+01 -9.899497487437186294e+01 7.386934673366832271e+01 -4.070351758793970731e+01 -5.778894472361809420e+01 -5.276381909547739468e+01
-4.070351758793970731e+01 -4.773869346733668806e+01 3.517587939698501032e+00 -5.979899497487437543e+01 3.969849246231154893e+01 3.768844221105527481e+01 8.291457286432162732e+01 -8.994974874371860096e+01 -5.075376884422111345e+01 -6.532663316582926427e+00
-5.678391959798995714e+01 1.457286432160805134e+01 -7.537688442211063489e+00 5.075376884422109924e+01 3.467336683417084942e+01 2.512562814070349759e+00 4.070351758793970021e+01 1.256281407035176301e+01 2.462311557788945038e+01 -8.994974874371860096e+01
4.472361809045224845e+01 -7.487437185929648820e+01 5.678391959798995003e+01 -2.060301507537688792e+01 1.000000000000000000e+02 1.155778894472364016e+01 5.778894472361810131e+01 4.371859296482412560e+01 8.994974874371860096e+01 2.361809045226128490e+01
1.457286432160805134e+01 1.507537688442226909e+00 -2.562814070351760165e+01 -4.522613065326638093e+00 6.683417085427134907e+01 1.256281407035176301e+01 4.271356783919594591e+01 2.562814070351757323e+01 1.055276381909547467e+01 1.457286432160805134e+01
-4.572864321608039972e+01 -9.095477386934673802e+01 -3.165829145728643823e+01 -7.487437185929648820e+01 3.768844221105527481e+01 2.160804020100502498e+01 -6.482412060301507495e+01 3.869346733668345450e+01 4.170854271356782306e+01 -8.291457286432161311e+01
5.979899497487437543e+01 -1.507537688442226909e+00 -9.547738693467351823e+00 6.381909547738695210e+01 9.798994974874369746e+01 1.356783919597992849e+01 7.989949748743717350e+01 -1.000000000000000000e+02 2.261306532663316204e+01 -1.658291457286433968e+01
-6.080402010050251249e+01 -3.969849246231156314e+01 7.788944723618089938e+01 1.507537688442226909e+00 5.879396984924622416e+01 -3.517587939698501032e+00 -8.592964824120602430e+01 -3.467336683417086363e+01 6.080402010050249828e+01 8.693467336683417557e+01
