3.218555086992752695e+04
3.584606449332088232e+04
1.704855937981364332e+04
2.919774753162798515e+04
2.169490669427539979e+04
3.210474482967601944e+04
3.265018560137370514e+04
3.421176232923410134e+04
3.895911719401024311e+04
3.984596348577055323e+04
3.612484533218858269e+04
3.822176207671524025e+04
3.539557081891871348e+04
4.687608898765182676e+04
2.954521350470947800e+04
2.095553142597408805e+04
2.454533976414736753e+04
2.990076008181611542e+04
4.602156511199211673e+04
2.826645791772935263e+04
3.497133910759828723e+04
2.464028686144289532e+04
2.700184338779323298e+04
3.471680008080604603e+04
3.352087068508371158e+04
4.367818994469835889e+04
4.438120249488648551e+04
4.157521274715285108e+04
2.112118380848968809e+04
3.529052296659175045e+04
3.684603924143329641e+04
4.086411959293957625e+04
4.511451731016893609e+04
2.200803010024999458e+04
2.563420115653645189e+04
6.129188656852098939e+04
3.405015024873107905e+04
4.289841165627130977e+04
3.919951516375849314e+04
3.694906694275396148e+04
3.137749046741243365e+04
4.245195828388171503e+04
1.851922931239110403e+04
4.193681977727836056e+04
2.627458902552965446e+04
2.278982853968334166e+04
3.546425595313250233e+04
2.718163682735284965e+04
2.616146056917755777e+04
4.353879952526451234e+04
3.522991843640312436e+04
3.129668442716092977e+04
1.420620691396682014e+04
3.610464382212570490e+04
3.828034645589758293e+04
3.122597914194085752e+04
4.321759551526475116e+04
3.514507209413903183e+04
2.860382313577940658e+04
5.416883412035049696e+04
2.857958132370394378e+04
3.177950051766369143e+04
2.007070528522006862e+04
4.165601878740436223e+04
2.152925431175980339e+04
4.423373147142747621e+04
3.216130905785207142e+04
3.221181283300926225e+04
1.512739577283401559e+04
2.901189363904951097e+04
4.489432085048357840e+04
3.942375192545643222e+04
2.871897174313780124e+04
5.001338350041665399e+04
3.461983283250423119e+04
3.662382263074165530e+04
4.107623544859977846e+04
3.530870432564834482e+04
3.394106209439155646e+04
3.011489608848260832e+04
4.126410949218452879e+04
2.731294664276154799e+04
3.763591828489180625e+04
1.287694755182950394e+04
3.361581778237923572e+04
2.429080073735511178e+04
3.364814019847984309e+04
2.689881568647256427e+04
3.234918310143682902e+04
3.013509759854548975e+04
2.166056412716849809e+04
4.488219994444584154e+04
2.485240271710310844e+04
4.560743415570314392e+04
2.751092144137773721e+04
2.842200954521351014e+04
3.280573722885785537e+04
4.472058786394281196e+04
3.636120299992424407e+04
4.636095048104846501e+04
2.875129415923839770e+04
3.274311254766293496e+04
4.093078457614706713e+04
3.053710764879675116e+04
3.384005454407716024e+04
3.215120830282064344e+04
2.069089164415040068e+04
4.670841645412995422e+04
4.834271861821669881e+04
3.160374738011666341e+04
2.906239741420670907e+04
4.282770637105123024e+04
5.717481881770661857e+04
3.089063407489710153e+04
3.150273982980227447e+04
5.283755460720689007e+04
2.328880583823640336e+04
3.962172672407262144e+04
3.605211989596221974e+04
3.391480013130980660e+04
4.743769096739981615e+04
3.865609454306709813e+04
3.898133885507941886e+04
1.789702280245448492e+04
3.366632155753643019e+04
2.287265473094114350e+04
2.524431201232293097e+04
4.380949976010706450e+04
4.249640160602005199e+04
4.298325799853538047e+04
2.166662458018737379e+04
4.545592283023156051e+04
5.176081412085552438e+04
2.720183833741571652e+04
3.380773212797656015e+04
2.570692659276280392e+04
2.391101234817302611e+04
3.313704199388904090e+04
6.223731723946365673e+04
3.886214994570843555e+04
3.232292113835509372e+04
2.998560642408020067e+04
2.021211585566021313e+04
4.470038635387995600e+04
1.423044872604227385e+04
4.370647205878639943e+04
4.130047221029771754e+04
4.618317719249513902e+04
2.292921895911719912e+04
4.869826519532335078e+04
3.209666422565086395e+04
4.746597308148784941e+04
2.683215070326506975e+04
3.662180247973536461e+04
3.827630615388500883e+04
1.975556172823919042e+04
1.517789954799121188e+04
1.256988459887376666e+04
5.267190222469130822e+04
4.732456251104771218e+04
1.508901290371455252e+04
4.636297063205474115e+04
2.266255902628721742e+04
3.894901643897881149e+04
3.401176737961162871e+04
2.974116815231937289e+04
4.064594328426049469e+04
4.559935355167797388e+04
3.945607434155703231e+04
2.272114340546956009e+04
2.431706270043685799e+04
2.614731951213353022e+04
2.613721875710209133e+04
1.719199010126007124e+04
4.553672887048307894e+04
2.869068962904976797e+04
1.746471048710891409e+04
2.782404484735233927e+04
3.820358071765864588e+04
3.184010504785232115e+04
3.534506704376152629e+04
3.368046261458044319e+04
3.482790838615185930e+04
1.774147117497032741e+04
3.226029645716017330e+04
3.047852326961440485e+04
1.997171788591197037e+04
3.170475493043105234e+04
3.897123810004797269e+04
4.313476932400697115e+04
3.452690588621499046e+04
2.378172268377061118e+04
1.771318906088230142e+04
4.439938385394309444e+04
4.041766622054998152e+04
2.729072498169238679e+04
3.091689603797883319e+04
3.610868412413829356e+04
3.385419560112118052e+04
3.078962652458271623e+04
