3.996420619743979996e-01 5.833723550032046123e-01 5.494065100522157463e-01 3.600859240745841738e-01 6.675254311239731120e-02
9.230669448728281434e-01 3.238424739492131166e-01 5.810938673920453164e-03 8.629511000467145199e-02 7.059923913278265406e-01
8.625528337449930305e-01 4.920618146261105386e-01 8.003219525379255961e-01 2.279579578490354211e-02 8.812590815721682569e-01
4.093786693383805186e-01 3.539353519150696681e-02 2.036044885860446296e-01 6.276637845983458197e-01 4.001802571719982327e-01
7.550367431118314432e-01 3.002511701868049165e-01 3.850640699479865869e-01 8.886943139804184266e-01 3.201553200117601694e-01
2.342203814348456925e-01 1.892605220955542039e-02 3.449593650664958266e-01 2.050444691571152722e-01 4.850325298201761393e-01
7.630446482282410292e-01 3.171039746337502852e-01 1.028213716767489017e-01 5.684877023403685226e-02 9.224154768860308717e-01
6.997391121715348383e-01 1.394126899749676685e-01 9.350730459942385719e-01 4.099487115481824095e-01 9.911706953800396569e-01
3.759775101999459079e-01 6.979326433916301919e-01 6.731723807878610133e-01 5.563039953472039834e-01 1.344098912424043224e-01
8.512590213564662500e-01 7.835448375747495753e-01 9.138541559268154035e-01 8.279557958222627523e-01 4.185442200894421982e-01
5.146919592961880507e-01 8.051528122718430991e-01 2.325266158383562931e-01 6.002657521058369916e-01 6.976496677500435561e-01
4.987250983175091634e-01 6.730925977857543652e-02 3.130361633497051321e-01 5.225385424865750528e-01 9.839904047357019845e-01
6.534855658091113240e-01 9.950271392922656055e-01 2.186071783137752966e-01 7.249847307950184616e-01 8.684709226994768994e-01
1.003775600673169482e-01 9.030108809103803980e-01 7.609297304725908262e-01 9.887850544988583401e-01 7.261641770131831430e-01
9.945851943573538190e-01 5.390531931315530878e-01 2.772740152627237720e-01 9.197719462409791324e-01 5.161000080632960341e-01
9.775418722328724774e-01 7.486791547560097682e-01 6.959665424021098667e-01 6.194381392032376477e-01 3.489146390676388654e-01
4.249982222325712072e-02 3.440268149845514545e-01 3.951019305912920054e-01 8.948178327967536427e-01 3.543056018442695965e-02
6.021719188694644176e-01 1.513799973584066261e-01 6.517791911668618932e-02 9.942473525157996539e-01 2.372077245634342524e-01
5.567263854282407110e-01 2.182311582497256097e-01 4.383305503010604537e-02 4.476267145533368019e-01 6.087540573996093052e-01
7.738024728168410027e-01 7.647886513881582138e-01 3.677473533700607589e-01 6.935718882289118037e-01 4.650014542569029796e-01
6.885276301431287882e-01 4.006165583095498001e-02 2.594785208720222780e-01 8.167504298356431658e-01 9.179266473749848609e-01
7.859150397576901703e-01 7.981305423716512637e-01 3.340726287136661643e-01 4.930872292804379109e-01 8.542742384127460786e-02
5.661092910261906752e-01 5.270297958710492246e-03 4.724136473361387201e-01 4.179365152508083270e-01 7.578250899739218394e-01
7.266359842228823362e-01 4.740984892715727206e-01 7.785669153204922699e-01 1.998405378395013421e-01 1.793885952659706462e-01
2.606775673789293868e-01 4.686700287889140060e-01 4.824311029389979355e-01 3.173818820472693591e-01 4.778772875535799436e-01
3.603777453365307748e-01 9.226256866120531308e-01 8.266164134241046346e-01 5.318142515041346385e-01 2.916400835783135581e-01
3.210245083435937785e-02 9.112502215237632264e-01 6.547967920435735500e-01 8.344568668671900960e-03 9.698316423376883710e-01
1.376780855268781301e-01 7.352028569467865537e-01 7.884185013973528111e-01 4.738685277495049974e-01 3.083052549871331260e-01
5.713083292421707038e-02 9.337735751502659332e-01 1.735622264697786465e-01 6.615712764776365828e-01 4.730666782700360118e-02
5.862588747555727009e-01 3.810523452966699809e-01 4.285110226820278978e-01 1.131943415527645325e-01 8.148364031400698870e-01
9.589434397529622567e-02 9.625136583884910113e-01 8.608826573346759492e-01 2.548879357706362314e-01 2.408098167901078987e-02
5.947774106141248129e-01 9.376412282510376839e-02 9.542167282550519936e-01 7.505184622647543824e-01 5.841585585610495901e-01
7.398122340777413264e-01 5.527931105391147293e-01 7.342561959519540160e-01 9.501879370682754233e-01 4.533090257671182344e-01
8.262737474855340603e-01 5.488281255677642800e-01 9.864211698060759703e-01 8.490651612934552173e-01 2.257104323705224624e-01
6.285593730618939112e-01 5.665846166488526237e-01 9.472278736497691254e-01 3.596132972009065676e-01 2.750072370207964356e-01
8.997412350471548637e-01 8.198647482692538180e-01 9.426193643388364185e-02 5.017368550143370687e-01 1.689587609731632023e-01
3.279293278063711847e-01 6.006413284340476055e-01 7.233614523741649371e-01 2.790379308602164432e-01 1.529661586591467837e-01
9.651179327987624221e-03 5.965014678341300502e-01 9.628114991093270625e-01 1.699819681050438180e-01 6.764595621405622428e-01
9.854089881850287558e-01 4.805042602028478660e-01 5.312250960068156669e-01 5.632332648102555961e-01 5.096316178650105444e-01
2.544350132493015115e-01 5.072972849868928602e-01 3.738942741732763642e-01 1.412445058305214149e-02 6.289962013787604445e-01
4.734946997646984346e-01 5.574979328153006897e-02 6.212455865434313163e-01 7.779915746752508188e-01 3.625458115416705374e-01
9.153662592710153367e-01 2.178009977669802949e-02 6.378367536614271138e-01 2.640247464126492805e-01 9.739008291319775079e-01
8.416402490655744417e-01 8.703911333717735677e-02 9.786754830803098271e-01 1.822900890659120976e-01 7.321640085448146706e-01
1.786962633262471623e-01 8.836970441028281220e-01 1.821690941358712901e-01 9.463086373291246245e-01 4.395803938428020641e-01
1.918748214023944243e-01 2.281060956661901395e-01 8.803151182137293196e-01 7.878809648858408066e-01 9.025488706500864322e-02
7.114772450367775614e-01 1.145296315427341838e-01 7.921702954908707017e-01 1.516392966803044584e-01 8.565728368696789996e-01
5.378150564632601105e-01 7.723423677245305763e-01 9.274336476679978514e-01 7.076123914070190368e-01 6.569466554193151842e-01
4.318159813288830473e-01 2.835013048530952706e-01 4.918063380051266864e-01 4.301953087835417855e-01 1.880314978248825153e-01
9.399552087694957869e-01 1.667597047004948374e-01 2.915861697848482481e-01 6.550489954436095053e-01 8.939658264983526559e-01
5.294453450996465804e-01 9.416135537523989685e-01 1.511237950973238209e-01 3.791588703771075486e-01 2.434638764987958337e-01
7.992049833693070093e-01 5.294455705875306117e-01 1.322815219939311136e-02 3.984959689085398327e-01 6.102005406653163710e-01
1.440659597328719857e-02 8.624689981252210425e-01 2.289634668185145661e-01 9.682729766247908376e-01 4.983985455680477461e-01
3.484452635289547184e-01 5.796450535439408025e-01 2.649972003799230813e-01 5.886203332877607552e-01 1.257198014185292589e-01
2.230021183685236275e-01 4.342330219126192548e-01 5.836972071094305159e-01 4.923330753213621402e-02 4.481866559020018792e-03
2.140071386588846825e-01 7.108119907637954205e-01 4.678986238826361443e-01 8.367738822639473328e-01 3.169653125484940270e-01
7.026461641912858935e-01 6.469949731171239504e-01 1.404309814250127575e-01 5.701017273899683380e-01 2.164611691579231278e-01
7.951433300380260361e-02 5.141422773693115067e-01 3.943986116263619585e-02 8.633155905760684368e-01 4.458758611357387380e-01
9.514460654338020573e-01 3.388894256127499283e-01 1.153363697411759065e-01 6.320520796985492629e-01 3.706187044744733150e-01
8.176547058689838110e-01 4.139898064339742612e-01 8.150812282877092363e-01 4.693498315295274725e-01 8.346647654373434699e-01
4.660171651356486699e-01 9.534425909692275658e-01 4.087314285794104718e-01 1.090295325470573840e-01 8.259789219989982501e-01
4.192453786610237931e-01 3.621542469518322371e-01 1.939751215537484641e-01 2.915947158615187496e-01 3.361407361235201896e-01
1.531788789147947305e-01 2.560993786145205897e-01 6.086158766644876872e-01 1.425855135794290574e-01 9.424193556959620244e-01
4.471840947611446238e-01 3.576374450458587040e-01 8.333462463951355481e-01 4.219894915809847546e-01 5.557606195156955531e-01
8.340037959598678441e-02 1.205826545770175839e-01 1.296248810972578935e-01 1.348412751886976513e-01 8.420938244788537252e-01
4.575188168282804946e-01 2.342801691906412076e-01 5.135540727566036967e-01 9.342069918726622624e-02 7.968046712841155843e-01
3.179424460936093322e-01 2.747136850109536121e-01 2.801771656949323397e-01 9.781974037765946983e-01 5.217525280776049712e-01
5.014641370642031193e-01 7.039111103445077067e-01 7.495269236225894360e-01 8.046620832300914739e-01 2.536956306093339775e-01
1.690055606688076750e-01 6.769580600694274919e-01 8.485745615006425879e-01 9.337884675621990205e-01 7.807468810315165708e-01
1.115708418524019863e-01 4.210272255182997969e-01 2.443340719367361469e-01 2.148802767042929107e-01 5.649798747217161382e-02
8.852006131205648609e-01 1.060289056192926932e-01 3.289044311332618986e-01 2.817094217928703404e-01 3.593534688224506168e-01
9.626443316347736978e-01 9.888672099417684658e-01 7.060612423745930011e-01 6.890557607730810608e-01 1.919655780400036649e-01
9.479278176934756717e-01 2.631673117853863264e-01 2.531551283052609069e-02 3.028819064479081752e-02 1.427007690339100465e-01
6.611463330725730891e-01 8.710442971253211653e-01 8.982559413108688329e-01 6.481460640490269709e-01 2.859459337288681735e-01
2.355718258763901674e-02 6.251691035765221116e-01 6.140915043563746067e-01 7.682151925204099285e-01 7.194131513051228444e-01
6.122060787648594266e-02 2.064302051475255528e-01 5.268315397049205817e-01 6.514356501478060779e-02 7.411698989967215878e-01
1.480337529293664633e-01 2.959536421127114680e-01 5.563883138498645353e-01 5.162851386049858160e-01 9.033474495964249895e-01
2.768221974236956817e-01 1.425919683197753585e-01 3.514501560588143003e-01 4.540775668255997988e-01 3.870038103886256908e-01
6.481463722238687275e-01 7.009613993351812566e-02 5.784081780282717133e-01 2.424109847922086836e-01 5.935880944154028338e-01
1.824006714031414234e-01 6.847499828406611311e-01 8.747206844697247297e-01 3.450872771280270590e-01 1.066314882111676909e-01
6.320896515939665727e-01 2.417871785493356240e-01 5.132113735189927639e-02 5.438746772454946532e-01 1.120834129301573612e-01
8.340329855545295379e-01 8.512504363447964684e-01 7.474615663654218811e-02 7.427706845117215684e-01 1.181513843751500793e-02
2.035481086040197285e-01 4.525808815276730623e-01 4.171909006123912800e-01 9.277052389980994240e-01 2.621068491556757252e-01
3.592434919391598314e-01 8.359771449725360570e-01 6.801755417051740249e-01 9.083347322536912127e-01 8.769518535177808216e-01
3.899143366541425459e-01 6.357636165271205453e-01 7.179718400986992988e-01 1.209456354194533012e-01 7.763259291114682492e-01
6.179948556317758079e-01 6.148446618872890346e-01 8.828319846907520252e-02 7.982783325988243028e-01 6.637386344111134706e-01
5.439129025371803872e-01 3.757982918661371130e-01 9.025945294709940558e-01 3.345113836717004130e-01 7.632086421967979595e-01
3.367162900403142256e-01 6.673307092608553592e-01 1.382786990914385561e-01 4.886622284485404588e-01 7.364949905930716356e-02
6.738317235647678372e-01 7.557848861596097034e-01 5.649939589494338277e-01 2.314576726333412715e-01 5.360345796196515078e-01
2.803163146221223090e-01 4.490529589203273164e-01 1.602153720992220143e-01 1.772599850473566552e-01 5.731688473681246787e-01
4.809439510970757170e-01 1.899797933018008145e-01 3.016896395739208092e-01 3.013629960252217077e-01 5.651478878555860064e-01
2.945170362872852055e-01 6.520491666746898174e-01 9.951326309588578445e-01 6.736043332023672336e-01 6.348425140962320468e-01
4.254027503627058615e-01 3.991824985337368292e-01 6.692690049231937444e-01 2.257323265772919196e-01 8.072112551306173112e-01
1.219160144416798347e-01 1.939813192102325667e-01 4.318184795401311393e-01 7.107443642540258733e-01 2.073062128563488704e-01
9.028415435895331687e-01 8.980812774712244595e-01 7.562042624059183149e-01 3.277995696065164610e-01 6.468996368633576077e-01
8.084146361120100321e-01 4.030954093134750948e-01 4.523972953792360641e-01 8.512457576349820032e-01 6.858237868073576715e-01
8.788829440511021218e-01 8.436922647469238257e-01 6.442738537596115478e-01 3.846763222837940588e-01 4.257474623150229731e-01
3.057974000249697455e-01 8.234476857875879796e-01 8.574031465461242618e-01 7.341377139998032098e-01 9.521594635322618849e-01
2.458535782749690091e-01 9.739391001811342763e-01 5.931899951082528766e-01 5.983204872384811912e-01 5.465814899629847234e-01
5.717329450406415381e-01 7.231082213140692661e-01 4.422047413479371913e-01 8.745221674794704247e-01 3.956102493997522562e-01
7.405921680878596591e-01 1.716845544578277372e-01 5.006668498475161933e-01 7.906700198495064669e-02 9.302981643603984718e-01
