-5.041265138073114382e-01
-5.041265138073114382e-01
-5.041265138073114382e-01
-5.041265138073114382e-01
-5.041265138073114382e-01
-5.107076668953494103e-01
-5.111070500844994147e-01
-5.123524596457601499e-01
-5.146962255571159162e-01
-5.146962255571159162e-01
-5.244458402472071956e-01
-5.244458402472071956e-01
-5.244458402472071956e-01
-5.290670887292553415e-01
-5.315169041369958158e-01
-5.321933201733531904e-01
-5.321933201733531904e-01
-5.321933201733531904e-01
-5.340775879053285546e-01
-5.342044951291987642e-01
-5.342140740796825771e-01
-5.343259762820935510e-01
-5.350785957930818126e-01
-5.350822026989613400e-01
-5.370773278003515561e-01
-5.379221569888199550e-01
-5.424139948932223954e-01
-5.424658436494129710e-01
-5.424753350994515610e-01
-5.424757598595451036e-01
-5.424757636195358668e-01
-5.436355305528226545e-01
-5.436355305528226545e-01
-5.436355305528226545e-01
-5.436355305528226545e-01
-5.491699783662178369e-01
-5.491699783662178369e-01
-5.491699783662178369e-01
-5.528314861996501683e-01
-5.528314861996501683e-01
-5.528314861996501683e-01
-5.528314861996501683e-01
-5.528314861996501683e-01
-5.528431933262079045e-01
-5.542853909222642539e-01
-5.551594073765789839e-01
-5.551594073765789839e-01
-5.552256243700659510e-01
-5.569174490435633285e-01
-5.588253036524262196e-01
-5.597068061066675648e-01
-5.597482691554298562e-01
-5.597614627069433801e-01
-5.597622825010661884e-01
-5.602771831661756963e-01
-5.602825381588786291e-01
-5.605834020972930709e-01
-5.612035829676054188e-01
-5.617271671776427056e-01
-5.617271671776427056e-01
-5.617271671776427056e-01
-5.617271671776427056e-01
-5.619983668004802091e-01
-5.636138910737704677e-01
-5.636138910737704677e-01
-5.637842931382980316e-01
-5.638421930826056361e-01
-5.638421930826056361e-01
-5.659270920546833894e-01
-5.659270920546833894e-01
-5.659270920546833894e-01
-5.659270920546833894e-01
-5.659270920546833894e-01
-5.659270920546833894e-01
-5.659270920546833894e-01
-5.659270920546833894e-01
-5.659270920546833894e-01
-5.659270920546833894e-01
-5.659270920546833894e-01
-5.659270920546833894e-01
-5.659270920546833894e-01
-5.659270920546833894e-01
-5.659270920546833894e-01
-5.659270920546833894e-01
-5.659270920546833894e-01
-5.659270920546833894e-01
-5.659270920546833894e-01
-5.659270920546833894e-01
-5.659270920546833894e-01
-5.659270920546833894e-01
-5.659270920546833894e-01
-5.667837067612180313e-01
-5.667837067612180313e-01
-5.667837067612180313e-01
-5.667837067612180313e-01
-5.667837067612180313e-01
-5.667837067612180313e-01
-5.667837067612180313e-01
-5.667837067612180313e-01
-5.667837067612180313e-01
-5.667837067612180313e-01
-5.667837067612180313e-01
-5.667837067612180313e-01
-5.667837067612180313e-01
-5.702745755793668936e-01
-5.702745755793668936e-01
-5.702745755793668936e-01
-5.702745755793668936e-01
-5.702745755793668936e-01
-5.702745755793668936e-01
-5.702745755793668936e-01
-5.702745755793668936e-01
-5.702745755793668936e-01
-5.702745755793668936e-01
-5.702745755793668936e-01
-5.702745755793668936e-01
-5.702745755793668936e-01
-5.702745755793668936e-01
-5.702745755793668936e-01
-5.702745755793668936e-01
-5.702745755793668936e-01
-5.702745755793668936e-01
-5.702745755793668936e-01
-5.702745755793668936e-01
-5.702745755793668936e-01
-5.702745755793668936e-01
-5.702745755793668936e-01
-5.702745755793668936e-01
-5.702745755793668936e-01
-5.702745755793668936e-01
-5.702745755793668936e-01
-5.702745755793668936e-01
-5.702745755793668936e-01
-5.702745755793668936e-01
-5.702745755793668936e-01
-5.702745755793668936e-01
-5.702745755793668936e-01
-5.702745755793668936e-01
-5.702745755793668936e-01
-5.702745755793668936e-01
-5.702745755793668936e-01
-5.702745755793668936e-01
-5.702745755793668936e-01
-5.702745755793668936e-01
-5.702745755793668936e-01
-5.702745755793668936e-01
-5.702745755793668936e-01
-5.702745755793668936e-01
-5.702745755793668936e-01
-5.702745755793668936e-01
-5.702745755793668936e-01
-5.702745755793668936e-01
-5.702745755793668936e-01
-5.702745755793668936e-01
-5.702745755793668936e-01
-5.702745755793668936e-01
-5.702745755793668936e-01
-5.702745755793668936e-01
-5.702745755793668936e-01
-5.702745755793668936e-01
-5.702745755793668936e-01
-5.702745755793668936e-01
-5.702745755793668936e-01
