19.6
64.4
88.3
78.9
36.4
15.2
14
14.7
17.3
24.9
47.6
100
64.4
36.6
69.7
59.1
48
28.7
26.1
30.3
33.2
34.8
43.3
55
15.8
0
0
0
41.8
60
44.8
34.3
26.5
25.1
24.3
26.2
27
26.4
26.2
28.3
27.6
26.4
23.2
18.8
20.7
26.7
28.4
29.8
30.5
26.5
24.2
19.8
16.4
16
6.29
0
0
0
0
0
0
29.7
91.3
145
98.5
96.3
99.8
101
102
105
90
103
95.3
107
107
106
102
95.8
94.4
99.2
105
91.8
99
85.3
78.3
80
88.6
104
80.3
57
3.28
24.2
24.7
24.7
24.2
23.7
9.86
0
0
0
0
0
0
0
14.8
17.5
0
27.8
50.3
49.1
50.3
92.9
92.8
51.3
40.6
43.6
44
40.7
14.6
54.6
61.3
62.1
64.4
64
19.7
0
9.72
47.9
90
41.4
6.82
37.3
37.6
84.8
98
87
53.7
36.3
18.1
43.8
32.1
11.8
25
37.8
37.3
14.4
9.74
0
0
25.7
14.7
22.9
46.9
17.1
0
0
0
0
29.5
33.4
39.3
15.3
17.4
36
27.4
54.2
27.8
0
0
0
28.9
45.8
16.8
16.1
84.8
76.1
109
67.9
16.4
0
48
92.6
148
117
113
81
48.7
14
15.6
44.6
34.6
60.9
84.9
48.3
11.6
12.2
23.3
33.1
45.5
65.4
54.2
39.4
24.5
22.8
16.2
45.2
50.3
9.08
0
0
0
0
0
0
0
0
0
0
60.8
122
93.2
83.9
106
95.5
83.2
36.6
15.6
65.2
75.9
70.8
51.3
13.3
16.9
92.6
35.7
40.2
59.2
64.9
83.9
74
61.2
58.4
52.5
36.5
32
34
34.3
33.5
21.7
0
0
25.6
80.8
93.8
107
109
94
67
43.1
46.5
61.5
56.8
45.2
34.5
57.9
46.7
32
32.7
33.5
63.4
72.9
49.8
24.3
10.1
43.6
43.2
34.7
36.1
36.6
37
25.6
0
23.7
13.4
0
0
19.7
50.9
51.3
78.1
94.8
90.6
87.1
39.3
46.2
59
43.1
17.2
0
57.1
729
126
216
218
199
180
148
123
115
103
73.4
53.7
37.8
57.8
75.5
52.6
42.3
28.3
26.4
25.3
20.8
0
0
0
0
0
16.9
64.8
67.5
84.1
83.2
95.5
98.1
101
96.4
79.8
48.8
39.9
41.6
64
54.2
41.2
42.4
42.8
41.9
39.3
37.4
52
44.9
39.7
36
28.6
28.1
25.5
27.1
27.5
26
27.2
25.4
25.6
25.2
24.6
23.4
25.8
25.2
25
24.7
24.6
23.2
25.7
29.3
28.8
28
27.5
25.4
26
30
32.9
32.1
31.6
42.6
56.8
53.7
45.8
45.2
43.4
44.2
45.2
43.2
44.2
45.2
45.4
49.6
48.8
46
45.2
48.4
45.5
46.4
46
44.5
45.1
46.7
44.8
48.1
45.5
45.3
45.2
45.2
44
41.6
43.6
41.2
41.1
42.7
47.4
47
50.9
48.8
48
49.4
47
50
62.7
64.6
63.8
62.2
63.9
138
129
118
46.4
0
0
53.7
79.5
53.6
38.3
38.2
14.1
10.8
98.7
192
133
45.7
45.1
34.3
29.8
30.3
89
107
77.6
80.4
194
220
200
123
148
267
384
459
479
422
368
359
282
282
253
202
66.3
23.9
66
60.1
73.8
87.1
41.1
53.2
39.4
15.7
60
64.8
38.2
45.1
51.9
39.2
13.7
139
296
254
167
71.1
41.2
149
190
146
134
119
155
105
202
350
354
292
200
115
69.1
43.3
26.1
33.9
50.5
119
129
35.5
81.5
85.4
64.1
215
375
534
501
365
319
334
482
514
374
277
228
131
80.2
119
222
193
171
157
161
144
143
113
89
115
66.4
0
0
58.1
134
52
0
0
0
17.4
74.8
115
77.2
45.3
47.4
47.5
35
25.2
139
163
118
87.6
93
94.1
77.8
45.8
128
264
512
492
380
334
234
172
138
80.1
48.8
49.3
48.4
46.3
20.6
0
0
0
0
0
8.58
13.5
0
71.4
117
126
134
220
203
87.7
40.4
41.6
42.5
31
18.3
18.4
41.7
101
127
121
69.8
42.6
43.2
44.8
91.7
96.7
44.2
44.2
44.6
44.7
44
67.7
89
88.6
85.5
89.1
141
172
149
152
155
156
152
142
141
163
162
131
98.4
97
119
118
85
78.2
82.3
51.5
38.2
129
146
125
173
132
102
37.9
0
32.3
78.9
71.9
64.7
26.3
16.8
58.4
64.6
43.7
33.5
34.7
45.6
43.8
62.5
63.5
40.4
41.3
41.5
41.5
48.8
57.3
55.7
64.5
97.5
143
142
129
112
102
108
106
99.7
38.1
75.4
118
117
134
131
114
99
68
85.6
170
174
151
131
61.1
36.1
73.7
50.3
38
98.4
98.2
60.9
46.3
64.5
77.6
73.6
28.5
71.1
86.5
49.5
30.3
33.8
57.5
75
74.8
48.7
21.9
0
0
47.3
78.9
28.2
22.7
45.7
25.5
69.8
79.7
69.8
25.9
14.3
39.2
36.8
24.9
17.1
18.7
33.6
29.4
19.4
20.1
20.3
66
114
89.8
74.1
28.4
18.4
77.7
89.7
72.3
66.6
62.7
28.9
0
0
50.3
77.8
73.8
70
66.1
62.9
60.1
57
54
50.4
48.4
45.2
42.6
40.6
40.6
41.4
41.2
39.8
50.4
50.1
47.6
45.9
46.7
45.7
44.8
45.7
44.1
45
44.5
57.2
60.6
52.1
51.8
58.3
54.5
48.9
44.4
45.2
47.3
57.4
64.6
69.8
72
71.9
69.6
35.6
24.1
50.8
62.4
53.6
49.9
48.9
50.5
28.6
37.8
54.5
22.3
38.1
63
22.9
0
27.1
45
45
94.7
102
91.2
79.9
254
359
332
312
288
152
79.2
82.1
82.7
89
85.7
85
84.9
86.3
165
147
79.9
87.2
170
226
145
118
123
122
112
100
94.3
91.3
87.9
88.1
87.3
122
179
161
103
81
83
81.7
84.9
96.8
38.5
0
0
0
71.5
133
166
154
114
137
259
267
270
177
106
152
221
203
197
206
103
43.4
133
157
130
126
124
133
137
133
124
73.2
44.3
59.7
120
300
406
339
270
230
196
179
151
245
322
279
411
683
721
653
509
528
620
533
321
235
187
155
138
247
334
337
257
249
269
399
507
405
253
116
90.6
65.2
46.9
46.6
45.4
39.3
22.4
42.4
43.9
86.1
205
271
283
276
249
244
211
168
106
81.1
83
81
76
45
15.2
15.9
16.4
18
24
109
144
140
154
161
152
101
81.3
58.3
45
46.8
46.6
119
162
147
98.7
80.8
119
138
132
97.5
78.8
118
128
115
60
12.7
0
12.7
0
0
0
0
0
28.2
46.1
36.7
35.6
24.9
17.4
16.9
16.5
16.3
6.07
0
0
0
0
0
0
0
0
0
0
0
0
24
44.4
43.7
44.7
45
44.6
44.9
44.6
48.1
50.9
51.7
50.5
52.7
170
227
214
195
128
91.3
91.7
93.2
171
238
270
210
137
138
194
159
110
45.4
0
0
0
108
176
133
116
107
94.9
82.8
31.2
21.8
39.1
40
40.6
40.5
41
41.5
41.4
40.7
40
39.2
39.8
39.6
39.9
40.3
40.6
38.8
36.9
38.2
39.1
39.9
41
44.4
48
51.2
52.9
55.3
84.1
103
99
147
105
73.1