1.679000000000000000e+07 6.074000000000000000e+05 9.674820174420152325e+05
1.679000000000000000e+07 6.074000000000000000e+05 9.674820174420152325e+05
1.679000000000000000e+07 6.074000000000000000e+05 9.674820174420152325e+05
1.689000000000000000e+07 6.106000000000000000e+05 6.073389194283876568e+05
1.689000000000000000e+07 6.106000000000000000e+05 6.073389194283876568e+05
1.689000000000000000e+07 6.106000000000000000e+05 6.073389164771111682e+05
1.689000000000000000e+07 6.106000000000000000e+05 6.073389164771111682e+05
1.689000000000000000e+07 6.106000000000000000e+05 6.073389164771111682e+05
1.689000000000000000e+07 6.106000000000000000e+05 6.073389164771111682e+05
1.689000000000000000e+07 6.106000000000000000e+05 6.073389164771111682e+05
1.689000000000000000e+07 6.106000000000000000e+05 6.073386134811678203e+05
1.689000000000000000e+07 6.106000000000000000e+05 6.073386134811678203e+05
1.689000000000000000e+07 6.106000000000000000e+05 6.073386134811678203e+05
1.689000000000000000e+07 6.106000000000000000e+05 6.051800000000000000e+05
1.689000000000000000e+07 6.106000000000000000e+05 6.051800000000000000e+05
1.689000000000000000e+07 6.106000000000000000e+05 6.051800000000000000e+05
1.689000000000000000e+07 6.106000000000000000e+05 6.051800000000000000e+05
1.689000000000000000e+07 6.106000000000000000e+05 6.051800000000000000e+05
1.689000000000000000e+07 6.106000000000000000e+05 6.051800000000000000e+05
1.679000000000000000e+07 6.074000000000000000e+05 9.674820174420152325e+05
1.679000000000000000e+07 6.074000000000000000e+05 9.674820174420152325e+05
1.679000000000000000e+07 6.075000000000000000e+05 9.381577934408180881e+05
1.688000000000000000e+07 6.105000000000000000e+05 6.448896429396567401e+05
1.689000000000000000e+07 6.106000000000000000e+05 6.073389164771111682e+05
1.689000000000000000e+07 6.106000000000000000e+05 6.073389164771111682e+05
1.689000000000000000e+07 6.106000000000000000e+05 6.073389164771111682e+05
1.689000000000000000e+07 6.106000000000000000e+05 6.073389164771111682e+05
1.689000000000000000e+07 6.106000000000000000e+05 6.073386134811679367e+05
1.689000000000000000e+07 6.106000000000000000e+05 6.073386134811679367e+05
1.689000000000000000e+07 6.106000000000000000e+05 6.073386134811678203e+05
1.689000000000000000e+07 6.106000000000000000e+05 6.073386134811678203e+05
1.689000000000000000e+07 6.106000000000000000e+05 6.051800000000000000e+05
1.689000000000000000e+07 6.106000000000000000e+05 6.051800000000000000e+05
1.689000000000000000e+07 6.106000000000000000e+05 6.051800000000000000e+05
1.689000000000000000e+07 6.106000000000000000e+05 6.051800000000000000e+05
1.689000000000000000e+07 6.106000000000000000e+05 6.051800000000000000e+05
1.689000000000000000e+07 6.106000000000000000e+05 6.051800000000000000e+05
1.679000000000000000e+07 6.074000000000000000e+05 9.674820174420152325e+05
1.679000000000000000e+07 6.075000000000000000e+05 9.381577934408180881e+05
1.679000000000000000e+07 6.075000000000000000e+05 9.381577934408180881e+05
1.688000000000000000e+07 6.105000000000000000e+05 6.448896429396568565e+05
1.689000000000000000e+07 6.106000000000000000e+05 6.073389164771111682e+05
1.689000000000000000e+07 6.106000000000000000e+05 6.073389164771111682e+05
1.689000000000000000e+07 6.106000000000000000e+05 6.073389164771111682e+05
1.689000000000000000e+07 6.106000000000000000e+05 6.073386134811679367e+05
1.689000000000000000e+07 6.106000000000000000e+05 6.073386134811679367e+05
1.689000000000000000e+07 6.106000000000000000e+05 6.073386134811678203e+05
1.689000000000000000e+07 6.106000000000000000e+05 6.073386134811678203e+05
1.689000000000000000e+07 6.106000000000000000e+05 6.051800000000000000e+05
1.689000000000000000e+07 6.106000000000000000e+05 6.051800000000000000e+05
1.689000000000000000e+07 6.106000000000000000e+05 6.051800000000000000e+05
1.689000000000000000e+07 6.106000000000000000e+05 6.051800000000000000e+05
1.689000000000000000e+07 6.106000000000000000e+05 6.051800000000000000e+05
1.689000000000000000e+07 6.106000000000000000e+05 6.051800000000000000e+05
1.679000000000000000e+07 6.075000000000000000e+05 9.381577934408180881e+05
1.679000000000000000e+07 6.075000000000000000e+05 9.381577934408180881e+05
1.688000000000000000e+07 6.105000000000000000e+05 6.448896429396568565e+05
1.688000000000000000e+07 6.105000000000000000e+05 6.448896429396568565e+05
1.689000000000000000e+07 6.106000000000000000e+05 6.073389164771111682e+05
1.689000000000000000e+07 6.106000000000000000e+05 6.073389164771111682e+05
1.689000000000000000e+07 6.106000000000000000e+05 6.073386134811679367e+05
1.689000000000000000e+07 6.106000000000000000e+05 6.073386134811679367e+05
1.689000000000000000e+07 6.106000000000000000e+05 6.073386134811679367e+05
1.689000000000000000e+07 6.106000000000000000e+05 6.073386134811678203e+05
1.689000000000000000e+07 6.106000000000000000e+05 6.073386134811678203e+05
1.689000000000000000e+07 6.106000000000000000e+05 6.051800000000000000e+05
1.689000000000000000e+07 6.106000000000000000e+05 6.051800000000000000e+05
1.689000000000000000e+07 6.106000000000000000e+05 6.051800000000000000e+05
1.689000000000000000e+07 6.106000000000000000e+05 6.051800000000000000e+05
1.689000000000000000e+07 6.106000000000000000e+05 6.051800000000000000e+05
1.687000000000000000e+07 6.099000000000000000e+05 8.627059384484654292e+05
1.687000000000000000e+07 6.100000000000000000e+05 8.481955800608298741e+05
1.688000000000000000e+07 6.105000000000000000e+05 6.448945954600202385e+05
1.689000000000000000e+07 6.106000000000000000e+05 6.073389164771111682e+05
1.689000000000000000e+07 6.106000000000000000e+05 6.073389164771111682e+05
1.689000000000000000e+07 6.106000000000000000e+05 6.073389164771111682e+05
1.689000000000000000e+07 6.106000000000000000e+05 6.073386134811679367e+05
1.689000000000000000e+07 6.106000000000000000e+05 6.073386134811679367e+05
1.689000000000000000e+07 6.106000000000000000e+05 6.073386134811679367e+05
1.689000000000000000e+07 6.106000000000000000e+05 6.073386134811678203e+05
1.689000000000000000e+07 6.106000000000000000e+05 6.073386134811678203e+05
1.689000000000000000e+07 6.106000000000000000e+05 6.051800000000000000e+05
1.689000000000000000e+07 6.106000000000000000e+05 6.051800000000000000e+05
1.689000000000000000e+07 6.106000000000000000e+05 6.051800000000000000e+05
1.689000000000000000e+07 6.106000000000000000e+05 6.051800000000000000e+05
1.688000000000000000e+07 6.103000000000000000e+05 7.070522575188130140e+05
1.688000000000000000e+07 6.105000000000000000e+05 6.628446922961550299e+05
1.689000000000000000e+07 6.106000000000000000e+05 6.051800000000000000e+05
1.689000000000000000e+07 6.106000000000000000e+05 6.051800000000000000e+05
1.689000000000000000e+07 6.106000000000000000e+05 6.051800000000000000e+05
1.689000000000000000e+07 6.106000000000000000e+05 6.051800000000000000e+05
1.689000000000000000e+07 6.106000000000000000e+05 6.051800000000000000e+05
1.689000000000000000e+07 6.106000000000000000e+05 6.051800000000000000e+05
1.689000000000000000e+07 6.106000000000000000e+05 6.051800000000000000e+05
1.689000000000000000e+07 6.106000000000000000e+05 6.051800000000000000e+05
1.689000000000000000e+07 6.106000000000000000e+05 6.051800000000000000e+05
1.689000000000000000e+07 6.106000000000000000e+05 6.051800000000000000e+05
1.689000000000000000e+07 6.106000000000000000e+05 6.051800000000000000e+05
1.689000000000000000e+07 6.106000000000000000e+05 6.051800000000000000e+05
1.689000000000000000e+07 6.106000000000000000e+05 6.051800000000000000e+05
1.689000000000000000e+07 6.106000000000000000e+05 6.051800000000000000e+05
1.689000000000000000e+07 6.106000000000000000e+05 6.051800000000000000e+05
1.689000000000000000e+07 6.106000000000000000e+05 6.051800000000000000e+05
1.689000000000000000e+07 6.106000000000000000e+05 6.051800000000000000e+05
1.689000000000000000e+07 6.106000000000000000e+05 6.051800000000000000e+05
1.689000000000000000e+07 6.106000000000000000e+05 6.051800000000000000e+05
1.689000000000000000e+07 6.106000000000000000e+05 6.051800000000000000e+05
1.689000000000000000e+07 6.106000000000000000e+05 6.051800000000000000e+05
1.689000000000000000e+07 6.106000000000000000e+05 6.051800000000000000e+05
1.689000000000000000e+07 6.106000000000000000e+05 6.051800000000000000e+05
1.689000000000000000e+07 6.106000000000000000e+05 6.051800000000000000e+05
1.689000000000000000e+07 6.106000000000000000e+05 6.051800000000000000e+05
1.689000000000000000e+07 6.106000000000000000e+05 6.051800000000000000e+05
1.689000000000000000e+07 6.106000000000000000e+05 6.051800000000000000e+05
1.689000000000000000e+07 6.106000000000000000e+05 6.051800000000000000e+05
1.689000000000000000e+07 6.106000000000000000e+05 6.051800000000000000e+05
1.689000000000000000e+07 6.106000000000000000e+05 6.051800000000000000e+05
1.689000000000000000e+07 6.106000000000000000e+05 6.051800000000000000e+05
1.689000000000000000e+07 6.106000000000000000e+05 6.051800000000000000e+05
1.689000000000000000e+07 6.106000000000000000e+05 6.051800000000000000e+05
1.689000000000000000e+07 6.106000000000000000e+05 6.051800000000000000e+05
1.689000000000000000e+07 6.106000000000000000e+05 6.051800000000000000e+05
1.689000000000000000e+07 6.106000000000000000e+05 6.051800000000000000e+05
1.689000000000000000e+07 6.106000000000000000e+05 6.051800000000000000e+05
1.689000000000000000e+07 6.106000000000000000e+05 6.051800000000000000e+05
1.727000000000000000e+07 6.167000000000000000e+05 7.094546469242719468e+05
1.727000000000000000e+07 6.167000000000000000e+05 6.668178700103678275e+05
1.689000000000000000e+07 6.106000000000000000e+05 6.051800000000000000e+05
1.689000000000000000e+07 6.106000000000000000e+05 6.051800000000000000e+05
1.689000000000000000e+07 6.106000000000000000e+05 6.051800000000000000e+05
1.689000000000000000e+07 6.106000000000000000e+05 6.051800000000000000e+05
1.733000000000000000e+07 6.207000000000000000e+05 0.000000000000000000e+00
1.733000000000000000e+07 6.207000000000000000e+05 0.000000000000000000e+00
1.733000000000000000e+07 6.207000000000000000e+05 0.000000000000000000e+00
1.733000000000000000e+07 6.207000000000000000e+05 0.000000000000000000e+00
1.727000000000000000e+07 6.167000000000000000e+05 6.687799453777807066e+05
1.727000000000000000e+07 6.167000000000000000e+05 6.668178700103678275e+05
1.727000000000000000e+07 6.167000000000000000e+05 6.668178700103678275e+05
1.727000000000000000e+07 6.167000000000000000e+05 6.668178700103678275e+05
1.689000000000000000e+07 6.106000000000000000e+05 6.051800000000000000e+05
1.733000000000000000e+07 6.207000000000000000e+05 0.000000000000000000e+00
1.733000000000000000e+07 6.207000000000000000e+05 0.000000000000000000e+00
1.733000000000000000e+07 6.207000000000000000e+05 0.000000000000000000e+00
1.733000000000000000e+07 6.207000000000000000e+05 0.000000000000000000e+00
1.733000000000000000e+07 6.207000000000000000e+05 0.000000000000000000e+00
1.727000000000000000e+07 6.167000000000000000e+05 6.668178700103678275e+05
1.727000000000000000e+07 6.167000000000000000e+05 6.668178700103678275e+05
1.727000000000000000e+07 6.167000000000000000e+05 6.668178700103678275e+05
1.733000000000000000e+07 6.207000000000000000e+05 0.000000000000000000e+00
1.733000000000000000e+07 6.207000000000000000e+05 0.000000000000000000e+00
1.733000000000000000e+07 6.207000000000000000e+05 0.000000000000000000e+00
1.733000000000000000e+07 6.207000000000000000e+05 0.000000000000000000e+00
1.733000000000000000e+07 6.207000000000000000e+05 0.000000000000000000e+00
1.733000000000000000e+07 6.207000000000000000e+05 0.000000000000000000e+00
1.727000000000000000e+07 6.167000000000000000e+05 6.668178700103678275e+05
1.727000000000000000e+07 6.167000000000000000e+05 6.668178700103678275e+05
1.733000000000000000e+07 6.207000000000000000e+05 0.000000000000000000e+00
1.733000000000000000e+07 6.207000000000000000e+05 0.000000000000000000e+00
1.733000000000000000e+07 6.207000000000000000e+05 0.000000000000000000e+00
1.733000000000000000e+07 6.207000000000000000e+05 0.000000000000000000e+00
1.733000000000000000e+07 6.207000000000000000e+05 0.000000000000000000e+00
1.733000000000000000e+07 6.207000000000000000e+05 0.000000000000000000e+00
1.733000000000000000e+07 6.207000000000000000e+05 0.000000000000000000e+00
1.733000000000000000e+07 6.207000000000000000e+05 0.000000000000000000e+00
1.733000000000000000e+07 6.207000000000000000e+05 0.000000000000000000e+00
1.733000000000000000e+07 6.207000000000000000e+05 0.000000000000000000e+00
1.733000000000000000e+07 6.207000000000000000e+05 0.000000000000000000e+00
1.733000000000000000e+07 6.207000000000000000e+05 0.000000000000000000e+00
1.733000000000000000e+07 6.207000000000000000e+05 0.000000000000000000e+00
1.733000000000000000e+07 6.207000000000000000e+05 0.000000000000000000e+00
1.733000000000000000e+07 6.207000000000000000e+05 0.000000000000000000e+00
1.733000000000000000e+07 6.207000000000000000e+05 0.000000000000000000e+00
1.733000000000000000e+07 6.207000000000000000e+05 0.000000000000000000e+00
1.733000000000000000e+07 6.207000000000000000e+05 0.000000000000000000e+00
1.733000000000000000e+07 6.207000000000000000e+05 0.000000000000000000e+00
1.733000000000000000e+07 6.207000000000000000e+05 0.000000000000000000e+00
1.733000000000000000e+07 6.207000000000000000e+05 0.000000000000000000e+00
1.733000000000000000e+07 6.207000000000000000e+05 0.000000000000000000e+00
1.733000000000000000e+07 6.207000000000000000e+05 0.000000000000000000e+00
1.733000000000000000e+07 6.207000000000000000e+05 0.000000000000000000e+00
1.733000000000000000e+07 6.207000000000000000e+05 0.000000000000000000e+00
1.733000000000000000e+07 6.207000000000000000e+05 0.000000000000000000e+00
1.733000000000000000e+07 6.207000000000000000e+05 0.000000000000000000e+00
1.733000000000000000e+07 6.207000000000000000e+05 0.000000000000000000e+00
1.733000000000000000e+07 6.207000000000000000e+05 0.000000000000000000e+00
1.733000000000000000e+07 6.207000000000000000e+05 0.000000000000000000e+00
1.733000000000000000e+07 6.207000000000000000e+05 0.000000000000000000e+00
1.733000000000000000e+07 6.207000000000000000e+05 0.000000000000000000e+00
1.733000000000000000e+07 6.207000000000000000e+05 0.000000000000000000e+00
1.733000000000000000e+07 6.207000000000000000e+05 0.000000000000000000e+00
1.673000000000000000e+07 5.972000000000000000e+05 5.825110884197844192e+06
1.690000000000000000e+07 5.950000000000000000e+05 1.619419135904835910e+07
1.681000000000000000e+07 6.015000000000000000e+05 9.880891856827400625e+06
1.694000000000000000e+07 5.983000000000000000e+05 9.969621015704996884e+06
1.724000000000000000e+07 6.077000000000000000e+05 1.251212695625758916e+07
1.685000000000000000e+07 5.941000000000000000e+05 1.330465714248581603e+07
1.718000000000000000e+07 6.047000000000000000e+05 7.614494862395790406e+06
1.671000000000000000e+07 5.897000000000000000e+05 2.091598770628783107e+07
1.704000000000000000e+07 6.015000000000000000e+05 1.028971361209074594e+07
1.664000000000000000e+07 5.929000000000000000e+05 4.911091553158903494e+06
