6.567196497040139747e-02
3.175819022212931220e-01
3.161646599700314031e-01
3.124055783239614303e-01
6.367631090841308072e-02
3.055098132143010403e-01
3.516303127436073428e-01
3.292273774026641675e-01
1.958726000371173726e-01
-3.236619010975805288e-02
2.946181522727402413e-01
2.944737693531098710e-01
-3.323064070218584298e-02
1.576690815953110114e-01
2.783033106182128957e-01
2.919414616906927940e-01
2.325886660854679100e-01
1.563836597411327745e-02
2.663033986282659082e-01
2.642284145576125898e-01
2.583492665402256083e-01
-1.777496142165313486e-02
1.519440957241431356e-01
1.881807701527595800e-01
1.655280743727123305e-01
6.681531958652531245e-02
-5.413804981672176719e-02
2.475106451742747904e-01
2.517837247368190923e-01
-1.258254282290649506e-03
-3.226099228015233411e-02
7.669502424862506551e-02
1.101837940526853021e-01
9.779902130391815440e-02
-1.777536138535662502e-02
2.491572242058854858e-01
2.520261528628702230e-01
2.507741620073034028e-01
-2.873128983158967920e-02
1.639236450523264832e-01
2.397103328010110612e-01
2.423429830806214103e-01
1.651217194518352915e-01
-3.479340039955058916e-02
2.770250910115439336e-01
2.816437691155551093e-01
1.352628730014131531e-01
1.087082331594073636e-01
2.917753517046712819e-01
3.324067967073236485e-01
2.942464764644701081e-01
9.090476086985965765e-02
3.049241740991506244e-01
3.108262740977367766e-01
3.076584354865599114e-01
1.815931485113431165e-02
2.876603462365192598e-01
3.590043117810648443e-01
3.609586557721127242e-01
2.803551145167781922e-01
6.032315588557102259e-03
3.190226843607630869e-01
3.087294958515645060e-01
3.117602305750215574e-01
1.489645332004008171e-01
3.556441098841418569e-01
3.912837283170691460e-01
3.577379632162176470e-01
1.523721141495140152e-01
2.475151322065842763e-01
2.437574707926715156e-01
1.967737865225951399e-01
1.379534749147404149e-02
3.111445608887848380e-01
3.875909411382523206e-01
3.881266900282962506e-01
3.198274932448157415e-01
1.074987926354964429e-03
6.277409503924791245e-02
1.968248365924196719e-02
8.908081122945610275e-03
1.547176589660737012e-01
3.672051764312833644e-01
4.031284437872195703e-01
3.683407255458110985e-01
1.414581790771485270e-01
-1.830601015069025506e-01
-1.925314140628727744e-01
-1.833501628724365506e-01
-3.816184268880431496e-01
1.972894790534620579e-01
3.436844544925210521e-01
3.346979819706594750e-01
1.017616039105089243e-01
-4.620733281709094031e-01
1.736561286886859623e-01
3.400592680181069305e-02
-6.688099272953695884e-02
-8.249280483570242684e-02
3.420612163791427740e-01
3.910047056850096681e-01
3.700891431667123754e-01
1.569471940843414348e-01
-3.206692154162785746e-01
-8.701518374963779223e-02
-7.431187609614930967e-02
-1.240357172036359312e-01
2.855462310193794817e-01
3.856156416046454538e-01
3.942595962427764000e-01
3.377135180215899979e-01
5.240509804174275921e-02
1.242054472954952082e-01
1.303231080493789662e-01
1.461889237477074222e-01
1.077900725693954342e-01
3.481787174395862827e-01
3.899638256965858307e-01
3.696242974910333157e-01
2.133213317396964737e-01
-3.477213495715048008e-02
2.867179412063254329e-01
3.048994824481157107e-01
-3.463708212369398520e-02
2.447617036476732455e-01
3.628129604446885814e-01
3.744750086340014050e-01
3.206187098009420922e-01
2.924282828486461927e-01
2.956987398705734904e-01
1.928579678799422492e-01
4.054068110765118860e-02
-2.152881466182576808e-02
-3.000351896539310559e-02
-1.999875612962997984e-02
-1.030960015533222141e-02
3.971083880992765103e-03
2.157649074114220689e-02
3.779891850159367017e-02
5.423842530839695364e-02
7.088386725520323672e-02
8.396547313649471711e-02
1.069226464504868801e-01
1.247295649081907598e-01
1.459487989689720600e-01
1.595910110051135256e-01
1.724865847645273842e-01
2.201940430223721101e-01
2.500216059182114314e-01
2.676116967191572993e-01
2.874831104065065368e-01
3.038386989473842448e-01
3.159542604922673803e-01
3.272543387096318313e-01
3.355761201735310006e-01
3.445681928009292072e-01
3.512466036831030092e-01
3.581549855128511872e-01
3.623602483506187522e-01
3.676918404710862731e-01
3.716771728826087084e-01
3.766625591832142295e-01
3.796886949980617931e-01
3.834806867335569525e-01
3.826331606047324030e-01
3.849047833647147865e-01
3.807735303502726154e-01
3.796461243113380402e-01
3.796767257482767111e-01
3.798319074651255178e-01
3.778299252780172868e-01
3.672577242761760896e-01
3.553496591790445969e-01
3.327420833510046361e-01
3.155643250193560512e-01
3.301449660104525119e-01
3.555239394575615552e-01
3.696972948739636333e-01
3.780442748792494090e-01
3.802375649014264614e-01
3.804334099412656212e-01
3.811498129992829664e-01
3.830631273230307166e-01
3.833189434953043762e-01
3.815959427070565457e-01
3.833678643553088961e-01
3.795738670049013663e-01
3.763857472660632197e-01
3.715703361233062552e-01
3.676319121441087301e-01
3.627898373150983957e-01
3.579556397735457196e-01
3.508086343826266607e-01
3.442300598630667618e-01
3.353072704155595218e-01
3.263232370978648156e-01
3.155227846355344035e-01
3.033928872761004758e-01
2.872722491133017364e-01
2.672618354475941871e-01
2.490686650056812557e-01
2.183727933022856504e-01
1.721739056826661063e-01
1.593351434088126073e-01
1.422081189575605809e-01
1.238800447706236429e-01
1.044300634098900282e-01
8.291267162893034559e-02
6.710698271081660948e-02
5.366089682698915730e-02
3.730642745098711188e-02
2.100977268545523025e-02
3.341314053509236714e-03
-1.043142319881151803e-02
-2.040216674352790527e-02
-3.004729319383514508e-02
-1.891847026771231732e-02
4.579004975494926910e-02
2.054696231097044024e-01
2.955701521183937697e-01
2.923327655312983886e-01
2.871331701319677077e-01
2.841088235787723182e-01
2.812476898006812664e-01
2.776730900613042508e-01
2.735652230331377943e-01
2.698569980928484657e-01
2.654684788874976942e-01
2.626906659080505690e-01
2.567960553851973415e-01
2.544931183842131794e-01
2.555638517773721752e-01
2.531604435380172546e-01
2.476160180796029842e-01
2.466607943909109313e-01
2.452816144850007429e-01
2.529048786144845185e-01
2.575950677642417919e-01
2.759635925595880224e-01
2.596924153825803661e-01
2.528923958689264229e-01
2.452937889283692829e-01
2.467865987449584519e-01
2.476659898891213629e-01
2.532051935631498552e-01
2.555960432560129281e-01
2.545008898183134249e-01
2.568703454209555481e-01
2.621297875314374526e-01
2.655317889141985965e-01
2.699329204650771086e-01
2.736290650953256964e-01
2.778146695045859982e-01
2.813514986518930172e-01
2.838404547415103174e-01
2.871968415348780113e-01
3.838764521971245181e-01
3.815327372463732658e-01
3.775120994838900845e-01
3.737714570900734223e-01
3.685728843587163794e-01
3.643427656816413673e-01
3.586922109490473520e-01
3.528432228073150601e-01
3.456873002354181601e-01
3.381297238111313774e-01
3.286512735224640380e-01
3.190700955714256271e-01
3.062151515044027050e-01
2.925852375201924982e-01
2.704964722004836730e-01
2.528994540828866100e-01
2.272984276881562238e-01
1.816761188951945272e-01
1.613419483317126701e-01
1.475317612060160766e-01
1.275120186630700481e-01
1.097448306690060882e-01
8.757648017671537666e-02
7.406910182562920220e-02
5.711231921112247534e-02
4.103062036864879580e-02
2.375938283418199681e-02
6.800972229196400320e-03
-8.182512151191700944e-03
-2.187366806171797684e-02
-3.067517058145752262e-02
-2.708659037102145728e-02
2.408025041387884535e-02
1.496673041059615183e-01
2.974255928934301796e-01
2.928036418409012409e-01
2.897902890567092271e-01
2.840101815790534445e-01
2.827307306470179249e-01
2.781371842903583858e-01
2.761412577281694425e-01
2.702415588341384733e-01
2.682200388256574808e-01
2.623631479738799399e-01
2.592893874793502640e-01
2.540366906633915178e-01
2.509790485273324379e-01
2.531541023758738795e-01
2.505148302329633925e-01
2.457147318894405963e-01
2.480465153549766821e-01
2.529192553011812006e-01
2.600792007463186284e-01
2.759088268900451446e-01
2.678747313404383767e-01
2.529945564451694384e-01
2.489009094733909411e-01
2.464830417296892673e-01
2.484722662211700239e-01
2.533589734828234352e-01
2.555864839871249128e-01
2.543753820603615878e-01
2.565232281316032203e-01
2.625051636933042332e-01
2.652292802967790575e-01
2.675263704996131420e-01
2.733104961077317263e-01
2.752982024433694441e-01
2.810858651995389312e-01
2.824093950780721674e-01
2.868522884712210175e-01
2.910893501749554080e-01
2.953043102193622094e-01
2.508175393375000617e-01
6.654021985121905125e-02
-1.323424543493145755e-02
-2.943946941689279395e-02
-2.632292308381223300e-02
-1.178909496676583402e-02
9.288169330172735272e-04
1.806066092472335960e-02
3.397599180175880917e-02
5.242914493365180562e-02
6.504331597949253307e-02
7.938692634550159610e-02
1.013713875598181158e-01
1.211623118209512739e-01
1.389286079331943924e-01
1.571771729524946704e-01
1.697054717874824092e-01
2.107031148692228850e-01
2.441095242152397926e-01
2.645750192304319182e-01
2.833953009904839337e-01
3.016264200393394823e-01
3.139499556611284881e-01
3.250022970443113834e-01
3.342816111536195400e-01
3.416098480194647014e-01
3.499491100937068833e-01
3.555243179357721051e-01
3.619581324300138458e-01
3.660215759811635827e-01
3.713736653694037493e-01
3.755589624154644923e-01
3.795896117898764910e-01
3.826080692645044135e-01
3.840353460136092245e-01
3.830079846484073514e-01
3.815852338436920288e-01
3.834254905016019066e-01
3.862315432397394055e-01
3.878118799837231290e-01
3.857287485787819215e-01
3.760184900497245408e-01
3.625591885714605223e-01
3.394556640399664094e-01
2.909636234988615122e-01
3.267961900673854725e-01
3.553018731717683121e-01
3.723603644063475659e-01
3.832303711857079076e-01
3.875730682584894726e-01
3.866863186967606225e-01
3.850182165402733503e-01
3.823237138644497435e-01
3.802034819902864182e-01
3.818118397114582674e-01
3.837279217433859912e-01
3.909134765746966611e-01
3.883457456879204628e-01
3.885836828928466158e-01
3.846633922891748991e-01
3.809014305352915741e-01
3.758817089170931602e-01
3.715472886256998564e-01
3.619415336422708851e-01
3.622136706954881546e-01
3.572210491218472672e-01
3.513384005771980068e-01
3.441302755824795501e-01
3.355864597910753755e-01
3.260617414279176618e-01
3.146050548516081680e-01
3.016711355390051530e-01
2.830033216541985031e-01
2.653746199269659822e-01
2.465368116601114323e-01
2.132501091370617718e-01
1.703093384628506790e-01
1.580304231210611920e-01
1.400479572874659961e-01
1.221876547758922182e-01
1.021473941270933938e-01
8.009217463039153273e-02
6.591594791178700952e-02
5.207161944264560027e-02
3.476999741812836220e-02
1.955523799857172840e-02
-1.901920781027799379e-03
-1.181024769988570089e-02
-2.575827015038700818e-02
-2.985045790443974223e-02
-1.674589059184561357e-02
5.819564666102805539e-02
2.324667869195755632e-01
2.954651774654495355e-01
2.911494126715590269e-01
2.869044414286601175e-01
2.844226281503345888e-01
2.811353086082970520e-01
2.781711756604199337e-01
2.734605648262220523e-01
2.703042826210311222e-01
2.653542144106433298e-01
2.626227152529780895e-01
2.565691968527472611e-01
2.543952764754506823e-01
2.552925352626662647e-01
2.533952702133972501e-01
2.482862682886870509e-01
2.465749866830040382e-01
2.488893298221723782e-01
2.529753607078695232e-01
2.678395378813123173e-01
2.759278747203066651e-01
2.601185618263293087e-01
2.528672350582161776e-01
2.480060400006647292e-01
2.468006077143798382e-01
2.502528276363733539e-01
2.531019216101966229e-01
2.509666534429959572e-01
2.540016484415938969e-01
2.592129515508607707e-01
2.623385724035447453e-01
2.681614894375410341e-01
2.701209994742383991e-01
2.760496281531990004e-01
2.780116421247356140e-01
2.816011382808358832e-01
2.839607315010506117e-01
2.864413423932641312e-01
2.925480350641560534e-01
2.953587739240277621e-01
1.636923826647755931e-01
2.908001913591640175e-02
-2.528486894180137501e-02
-3.063703410653773052e-02
-2.284700928106520035e-02
-8.814236801657715503e-03
5.593656575057837088e-03
2.302649317998151091e-02
4.003268358344613809e-02
5.588140451659828756e-02
7.332364251064715788e-02
8.645247397839828096e-02
1.087913483949303206e-01
1.266095247612766261e-01
1.468929531391560683e-01
1.607629567603976461e-01
1.781123106789914701e-01
2.242803024270272338e-01
2.543214239963071943e-01
2.696588174315406317e-01
2.916041409802170303e-01
3.057868099090081948e-01
3.190133640841528173e-01
3.286940049911100115e-01
3.377357463702275187e-01
3.416822148019516003e-01
3.525845030475767139e-01
3.589059624704633578e-01
3.641969605144990130e-01
3.698093614862887346e-01
3.743592342942374529e-01
3.779366879574868054e-01
3.806687307270473219e-01
3.761111118207338677e-01
3.782354267026635242e-01
3.889005343067417630e-01
3.920424837018232633e-01
3.960584351861078378e-01
3.991704557370676643e-01
4.000985148037174977e-01
3.994429358702762389e-01
3.904432405807500839e-01
3.570085627409951279e-01
3.545098793098930834e-01
3.236934231817398810e-01
3.634915406190233345e-01
3.833455373859708804e-01
3.926879188562495404e-01
3.996318725987786369e-01
3.985907123497074434e-01
3.862255043788862530e-01
2.565506210286803146e-01
2.543772582756889111e-01
2.557318001267991914e-01
2.542415205981605197e-01
2.496693738094006854e-01
2.481865261093376684e-01
2.500639013076166872e-01
2.538993425868649734e-01
2.684575373712141388e-01
2.760005738414168519e-01
2.605325071212476473e-01
2.536854053128225761e-01
2.492057287751521244e-01
2.490646721274136777e-01
2.519415018701980369e-01
2.540912564327502121e-01
2.513342392552138094e-01
2.541117856696704091e-01
2.590453001960262291e-01
2.627116854061275486e-01
2.689163003956429598e-01
2.714198443496103064e-01
2.776337223001901222e-01
2.791090681575274512e-01
2.838764758121543608e-01
2.839757405765654941e-01
2.892467687485285044e-01
2.923399480818118512e-01
2.957770798415144675e-01
1.590651657631545479e-01
2.599386769290412680e-02
-2.691749048344427298e-02
-3.084450243853631424e-02
-2.253723517956263134e-02
-8.102209072512689403e-03
7.180629102196967040e-03
2.389589801513580802e-02
4.039566666955196617e-02
5.566841349982154519e-02
7.190793190032329640e-02
8.612184004384437763e-02
1.091521598582227970e-01
1.277574541581885104e-01
1.490038606076387051e-01
1.624589523465609364e-01
1.807052452138422360e-01
2.259533720077930852e-01
2.537256601874005035e-01
2.688327716985130511e-01
2.919211516168418452e-01
3.069624036557958568e-01
3.211540622029100955e-01
3.313241585303376979e-01
3.397947553048685787e-01
3.465709958732341445e-01
3.524673529069448641e-01
3.572180591620037760e-01
3.642355468470579449e-01
3.695525975187206047e-01
3.750923590587618150e-01
3.808278760614898228e-01
3.839826292378967221e-01
3.863657075016748710e-01
3.870784121587584892e-01
3.801710147449071098e-01
3.822356245665685659e-01
3.906122779493166330e-01
3.956155158569059083e-01
3.999660567698422042e-01
4.007363384838313891e-01
3.875372931892500095e-01
3.583987778349642106e-01
3.299056617562361460e-01
3.263805704953297582e-01
3.448848170655596235e-01
3.656591408643983243e-01
3.897316177757379485e-01
4.012568716434281590e-01
4.006447695101975626e-01
3.959175586284722215e-01
3.903291970916051845e-01
3.825273730825420326e-01
3.787941346112917440e-01
3.878779896011186334e-01
3.847330740251402315e-01
3.825671196016759978e-01
3.792724754505962803e-01
3.738088570508382169e-01
3.679172324787585158e-01
3.621005625030244701e-01
3.547540574185952256e-01
3.495646935506149244e-01
3.438102493878989474e-01
3.361587182869449908e-01
3.278624724520458056e-01
3.166393477151150382e-01
3.028733806407386542e-01
2.841164862559031334e-01
2.640516424248136040e-01
2.436053217817921723e-01
2.114264456681704818e-01
1.703223421855608599e-01
1.588462549340594610e-01
1.415224824232512724e-01
1.225876242083023815e-01
1.020043193128365999e-01
7.923554020584733237e-02
6.372778051952598943e-02
5.157118987490738604e-02
3.391481935479911947e-02
1.881515107563380695e-02
-1.539727751510233666e-03
-1.125395449285437888e-02
-2.598396619203524605e-02
-2.979095328561431888e-02
-1.522335973647426233e-02
6.209710003073332096e-02
2.425419545065514715e-01
2.958828798354395939e-01
2.909849564319157977e-01
2.862713685265325658e-01
2.823195889335752273e-01
2.816012414435977718e-01
2.790047527765144864e-01
2.748383863130670068e-01
2.715798267372135921e-01
2.661763354944945981e-01
2.629573169098557983e-01
1.490611842476428084e-01
1.662499678429707473e-01
1.894631519420029164e-01
2.318213846300702929e-01
2.557478973839992786e-01
2.726360692937561669e-01
2.946246304600197430e-01
3.077675876987615577e-01
3.207464029455724397e-01
3.296720355796805002e-01
3.397729792975079377e-01
3.464616818498165163e-01
3.540379576278258611e-01
3.594581842078852230e-01
3.649595430548193686e-01
3.690434022604973663e-01
3.742980601616010539e-01
3.778742276126243471e-01
3.817954510217276276e-01
3.841014553586112878e-01
3.823820018500625473e-01
3.803902876713787240e-01
3.831476217832310294e-01
3.851120914514778448e-01
3.875922462299932203e-01
3.870753882210971053e-01
3.831373766198142850e-01
3.697966895358115735e-01
3.541891110228392314e-01
3.193672521730319680e-01
3.068596648766164225e-01
3.497798506037530508e-01
3.655952746500501505e-01
3.789312706612337767e-01
3.851516154816649884e-01
3.880003594788552501e-01
3.860660282347427863e-01
3.835281949376918575e-01
3.813753680195943740e-01
3.824092045309495091e-01
3.843625036786382232e-01
3.820707844452302382e-01
3.792315102930718940e-01
3.747726622540656916e-01
3.709221663544128855e-01
3.654980652533765806e-01
3.611461200701029384e-01
3.549677737794758592e-01
3.491840663786593968e-01
3.407344349548333540e-01
3.325595541312245107e-01
3.223481310096805164e-01
3.118595759784459354e-01
2.982253908074292692e-01
2.789958123997615669e-01
2.600379717165401949e-01
2.403871411128002400e-01
2.014083162775599511e-01
1.682442518595288483e-01
1.525641344395729515e-01
1.371328313006194843e-01
1.149255201290160233e-01
9.859680907331069832e-02
7.237095944139260162e-02
6.371879534763769115e-02
4.615671937497767274e-02
3.200763442735143904e-02
1.565044547921812246e-02
-7.473911976201286222e-04
-1.352425929149470019e-02
-2.636010251574094632e-02
-2.894655676481916462e-02
-6.008072225368588093e-04
8.684204301467901566e-02
2.958360937650701405e-01
2.944454691923612533e-01
2.905312040874019619e-01
2.864131596709909022e-01
2.822484894072727624e-01
2.809008562217343297e-01
2.751199576876770525e-01
2.731643730287298677e-01
2.673452415156041262e-01
2.655371072616783401e-01
2.595232455853655473e-01
2.567520181680311708e-01
2.514993306567703257e-01
2.554982142670734202e-01
2.505798191264378971e-01
2.483276884041687449e-01
2.446561439642374047e-01
2.489361488811150380e-01
2.508131231265402494e-01
2.678859723539850357e-01
2.678526998050048125e-01
2.600719086921723378e-01
2.489726938381899846e-01
2.477738785095802143e-01
2.483528193801922690e-01
2.507081089289606712e-01
2.531504872051388855e-01
2.521250261974392615e-01
2.541599360778381556e-01
2.593383425476978310e-01
2.625360900137694298e-01
2.669992715144038353e-01
2.704607964698244604e-01
2.751881254367172236e-01
2.781404378899159369e-01
2.829024683308645205e-01
2.842166786471016504e-01
2.900169465561266424e-01
2.933063471465380267e-01
2.976561307292429071e-01
1.190657540420096971e-01
1.534390197059032346e-02
-3.031801510823894930e-02
-2.583746146729959392e-02
-2.003066167285982857e-02
-3.349825618770396751e-03
8.829085164955507992e-03
2.838566883770132776e-02
4.319174885385623774e-02
6.109138943301228863e-02
7.535252531742031579e-02
9.466547349158282998e-02
1.115421078573444191e-01
1.338155363590101121e-01
2.868051290225810401e-01
2.824438376198192824e-01
2.810860750800552310e-01
2.752055000782696048e-01
2.731026179689186595e-01
2.673191826892609146e-01
2.650004040568658681e-01
2.594798854171398439e-01
2.564412906189488250e-01
2.543313034937348949e-01
2.555314312435741364e-01
2.532610527466683248e-01
2.483229340993549084e-01
2.462927777048897759e-01
2.486584066968524631e-01
2.527628805702686332e-01
2.677494583455144461e-01
2.758243065529224491e-01
2.600480903492279339e-01
2.528832063689914200e-01
2.479632104557043526e-01
2.455879695834879417e-01
2.503250936898637757e-01
2.528944113033118057e-01
2.519470417108071736e-01
2.539906679764225572e-01
2.593103093677315840e-01
2.623975415799284505e-01
2.681319600548408566e-01
2.702453763124252895e-01
2.760094144350129231e-01
2.779419731491294954e-01
2.825601580173715544e-01
2.839699750792497035e-01
2.898017271530832772e-01
2.933946585174640465e-01
2.975389664288665692e-01
1.432855594770394703e-01
2.402706058715553539e-02
-2.761582164856457577e-02
-2.576495572938919398e-02
-2.123272133134956885e-02
-7.673714057633063135e-03
7.199104349494112043e-03
2.399026644047275170e-02
4.133842632113138293e-02
5.712591601479521941e-02
7.429260904052714665e-02
8.847821554959178769e-02
1.103353249179090945e-01
1.282400885936023638e-01
1.476965001461003624e-01
1.619429575103841223e-01
1.823526335690024425e-01
2.279814374562101342e-01
2.537615572156921573e-01
2.717039825531661901e-01
2.939019634698620820e-01
3.066042937168620419e-01
3.184322317758216947e-01
3.264087622176130576e-01
3.343247913777875890e-01
3.432103180836638678e-01
3.519547431588827546e-01
3.588141872707206748e-01
3.663036405172328536e-01
3.688660324522521350e-01
3.715701825842021577e-01
3.721757949095771956e-01
3.727452636441450640e-01
3.753407166746247636e-01
3.786550484524158211e-01
3.792642476920036199e-01
3.821804112516926644e-01
3.851109711753215592e-01
3.857718366242821606e-01
3.857266769796776629e-01
3.808361023358382003e-01
3.697714120442023855e-01
3.532160356653892830e-01
3.255901690639593227e-01
3.217801291994613067e-01
3.453952704632772264e-01
3.653818524344596419e-01
3.759702350105313950e-01
3.841167224276507142e-01
3.847109059979498813e-01
3.831691108269550394e-01
3.816991180306310572e-01
3.804871786945240864e-01
3.827053604982630919e-01
3.846661357972778195e-01
3.810739595025731674e-01
3.754126267805715234e-01
3.694233959195611927e-01
3.631168817897216794e-01
3.610849530669244523e-01
3.593427526605037503e-01
3.552659325327831574e-01
3.512534773582161041e-01
3.421569493449339028e-01
3.336580669416888689e-01
3.219702852614987343e-01
3.111754613975419304e-01
2.970956503160875339e-01
2.809589369970506567e-01
2.640014032360051832e-01
2.439145459556719686e-01
2.101515161788398700e-01
1.695785896129808901e-01
1.568685202971991099e-01
1.385805236380506233e-01
1.204867004361160898e-01
1.005584774307080043e-01
7.872731298535118327e-02
6.507615302233715759e-02
5.153121487267742218e-02
3.373891062550349318e-02
1.768807342332889831e-02
4.537930337513707002e-04
-1.233959749563140473e-02
-2.670533547526365847e-02
-2.939206339759803388e-02
-1.020379404635074483e-02
6.994867412502614457e-02
2.613343428236425403e-01
2.951624549789959584e-01
2.909497141123229547e-01
1.481820802821356420e-01
1.637444983744109628e-01
1.809542318145780371e-01
2.265730595637622802e-01
2.561411624643916696e-01
2.797120282193568119e-01
3.097277160475733204e-01
3.178124725707975884e-01
3.269537296849684971e-01
3.290626674533636553e-01
3.344640331812103184e-01
3.421901386392609545e-01
3.536701754448523527e-01
3.645288596955500449e-01
3.709155435949194057e-01
3.781679991082635972e-01
3.785435533617202974e-01
3.786779950887571022e-01
3.816596027233651878e-01
3.797887088786218168e-01
3.848520613569355042e-01
3.832122250440888056e-01
3.884159906035036247e-01
3.922923240681048807e-01
3.928623086658185048e-01
3.928763739029306201e-01
3.871290980346653310e-01
3.734035858003879049e-01
3.559262516275556454e-01
3.335394129605431246e-01
3.472931713657716468e-01
3.612597464860125562e-01
3.836468311501046724e-01
3.890784259720081462e-01
3.900986972333155833e-01
3.899712856794435023e-01
3.851548803946180932e-01
3.859189345069817811e-01
3.843118824182456539e-01
3.889130513298557634e-01
3.903065346109437783e-01
3.871042726407127876e-01
3.835974841868319274e-01
3.754048534862246544e-01
3.683950273522003105e-01
3.627837148668087153e-01
3.616426424386967042e-01
3.611130184576989421e-01
3.570041936730756760e-01
3.540892010864713502e-01
3.408171793416465700e-01
3.264194589448410344e-01
3.132678973269742428e-01
2.908431838376961398e-01
2.810252190097137781e-01
2.635046774753484478e-01
2.493617468613682497e-01
2.206051704523723789e-01
1.754884915928527356e-01
1.635415876049324257e-01
1.402577223924452721e-01
1.221762592405448711e-01
9.444796312580527875e-02
7.792181296596423223e-02
6.476641409074268552e-02
5.055075512075779542e-02
3.853696908349490968e-02
1.650181439662889993e-02
9.941212422082124078e-05
-1.391620982357633096e-02
-2.413540970591376844e-02
-2.752830942551798277e-02
-3.018716957021494451e-03
7.422450904379029879e-02
2.698370379853682888e-01
2.967083147783928787e-01
2.910191548617002688e-01
2.793023916419528074e-01
2.739493054186956655e-01
2.654829254230741675e-01
2.658473858117733624e-01
2.659215572103845737e-01
2.664998514399747886e-01
2.737070815921283096e-01
2.587105270724610051e-01
2.559004203122772214e-01
2.429671063496732231e-01
2.358091771290906635e-01
2.363838290401831799e-01
2.344380311544045359e-01
2.389184141262470362e-01
2.389115478092520561e-01
2.514676647871363357e-01
2.550127027086948051e-01
2.526430196669280370e-01
2.363065869261293805e-01
2.215612359399925513e-01
2.304584981633872598e-01
2.331175623160606225e-01
2.435646905564996523e-01
2.546180501747865588e-01
2.515790432687861067e-01
2.530944643164290131e-01
2.509606695719648339e-01
2.482125830122918764e-01
2.544069875912042811e-01
2.616844135181854991e-01
2.751479494272544013e-01
2.791368915977214815e-01
2.919369289932716161e-01
2.841317137167336249e-01
2.817260015088758340e-01
2.844365281762717412e-01
2.818351076340628314e-01
1.393577247325119561e-01
2.700625792518862589e-02
-2.826048199816333373e-02
-2.797016646424788089e-02
-2.182519895449808178e-02
-3.802762540585535866e-03
4.630860990101792751e-03
1.588558158978359280e-02
3.366533076768685184e-02
5.267155540736201402e-02
7.443738278907319206e-02
9.279134369519947967e-02
1.222359187833452765e-01
1.360016225345725971e-01
5.709642352210719807e-02
4.141444761329915458e-02
2.414351845523432516e-02
7.310408001944157519e-03
-7.683339915443565538e-03
-2.142387017479829847e-02
-2.651035886657016061e-02
-2.765701289298627685e-02
2.398956302078558700e-02
1.433086746550600310e-01
2.975112796369041579e-01
2.933086151262869201e-01
2.898030853586781586e-01
2.840493568391504464e-01
2.825888039431456722e-01
2.768031230778349450e-01
2.760730024390323223e-01
2.703228834242614731e-01
2.681651825670434697e-01
2.623823823990820703e-01
2.593269677434524301e-01
2.540350230064369885e-01
2.519862271776762697e-01
2.517754045815143726e-01
2.504192459207537080e-01
2.457475185677759910e-01
2.480559780026836414e-01
2.529406480097975418e-01
2.600508447490952335e-01
2.758993476471631734e-01
2.678633145187945264e-01
2.528739163885227459e-01
2.476099385645611495e-01
2.463517086964688296e-01
2.484365227613123395e-01
2.533422710329933381e-01
2.555238574288856146e-01
2.543407271316933116e-01
2.565187626975087287e-01
2.595518245810446434e-01
2.638503854805194226e-01
2.662890774890473988e-01
2.732673357124870694e-01
2.752463423306832357e-01
2.810840990354199764e-01
2.823685800606072771e-01
2.868035396687933503e-01
2.910649621144512089e-01
2.951889690294646762e-01
2.602012881485868956e-01
6.986638382815968384e-02
-1.026458758809267735e-02
-2.937910226748563502e-02
-2.661426164374358638e-02
-1.226327955136408132e-02
4.556490416529612730e-04
1.764381502638023846e-02
3.435346513577464123e-02
5.092470726528897096e-02
6.496175046323138247e-02
7.873730213197238648e-02
1.007157162290253094e-01
1.208259619230336313e-01
1.387905896086520929e-01
1.569321142364941135e-01
1.694548116968861429e-01
2.113182306006224920e-01
2.434998461784592116e-01
2.640915668770882352e-01
2.820538089198660892e-01
2.995841435598565194e-01
3.136171434753061149e-01
3.231064361141391394e-01
3.340685226244637374e-01
3.422400983289664023e-01
3.505882256348056281e-01
3.553315619927794877e-01
3.616235428472651670e-01
3.658349263981572896e-01
3.712076644352997334e-01
3.754170239376490859e-01
3.794603824243352186e-01
3.825526440936051209e-01
3.838794144965238520e-01
3.819605169304198800e-01
3.802250688721580119e-01
3.824979401726105177e-01
3.850763143909845532e-01
3.868304167766785095e-01
3.861672318831581574e-01
3.717530584141190975e-01
3.656683334429235988e-01
3.454215789895207500e-01
3.278301295245769076e-01
3.250631400993013731e-01
3.515861454479110026e-01
3.663987225086566824e-01
3.776539120899118362e-01
3.869517561584610021e-01
3.859449742939151662e-01
3.849916627119132073e-01
3.811183820744721285e-01
3.786095848521682239e-01
3.814681537065638395e-01
3.837299334184198774e-01
3.815704378646307404e-01
3.775283068622805605e-01
3.739149133101842271e-01
3.694221437114897366e-01
3.651364612305794122e-01
3.588144046464267767e-01
3.534285460638924015e-01
3.457415334785558514e-01
3.382115656021178474e-01
3.287422957696870540e-01
3.191884622364280499e-01
3.066349468905422704e-01
2.942617695287392809e-01
2.710378115971352475e-01
2.536938625670728253e-01
2.283570798114660239e-01
1.829858511704993695e-01
1.625185682661072217e-01
1.479146711032637285e-01
1.282276403989239810e-01
1.113073339966341724e-01
8.931648646241940881e-02
7.429486858369482860e-02
7.866936501939725268e-02
1.006855269616067083e-01
1.208327609396753211e-01
1.386749797282511576e-01
1.568438637262705715e-01
1.693121601730749326e-01
2.092694619032520187e-01
2.433794481674720345e-01
2.640436222355271312e-01
2.818976924161304964e-01
2.995263873015008294e-01
3.136461965612640235e-01
3.232422822351537217e-01
3.340717102045533959e-01
3.414232360221061136e-01
3.497180767248833089e-01
3.553903076326561106e-01
3.616618100050585927e-01
3.658767103465734305e-01
3.712725048848031228e-01
3.750545588541334130e-01
3.795196560098874627e-01
3.825327760880776751e-01
3.838807094081584381e-01
3.829240468343093617e-01
3.814992418950260422e-01
3.837556755281386067e-01
3.861634968716505245e-01
3.878077574262535077e-01
3.860113198530759071e-01
3.769908936852106596e-01
3.659025511944395959e-01
3.455546684278183456e-01
3.307314344282443752e-01
3.253983056364160298e-01
3.545997232682511768e-01
3.719559540021217803e-01
3.827162188054300529e-01
3.874694900467703373e-01
3.866858556614225506e-01
3.849896381568487236e-01
3.830319609818557680e-01
3.801947438312489602e-01
3.824893481034055132e-01
3.837707765044870989e-01
3.815990954485788400e-01
3.775880099913635490e-01
3.739696270769288233e-01
3.686922549002553673e-01
3.644565409496998143e-01
3.588552011512979867e-01
3.535079632193647292e-01
3.458435439626910135e-01
3.383229365134929889e-01
3.288908434741777409e-01
3.193517546713886546e-01
3.065931727582578148e-01
2.931650915231023280e-01
2.709285820918156951e-01
2.536866700481901216e-01
2.284960966795019921e-01
1.833330915950255324e-01
1.626129239411935323e-01
1.479969520147137452e-01
1.282367022467705286e-01
1.101975082636694747e-01
8.819693102425785192e-02
7.425792280963450231e-02
5.719192581292875666e-02
4.153208978377054272e-02
2.413844853135049817e-02
7.293394558383736737e-03
-7.705600278528290659e-03
-2.133243923312477808e-02
-2.634962299254262064e-02
-2.796907761261191450e-02
2.340135127292120032e-02
1.433037433481836320e-01
2.975120586419566227e-01
2.933077768810155028e-01
2.898172360541524384e-01
2.840607572709838990e-01
2.827174566335812766e-01
2.780923086688062984e-01
2.754962996784013907e-01
2.703257616731098434e-01
2.681580386901170066e-01
2.623649795852094346e-01
2.593150488057553993e-01
2.540255647047653387e-01
2.520760486249120635e-01
2.531076835797403390e-01
2.505581193492538716e-01
2.457466017206726416e-01
2.480547952465170791e-01
2.529160252749909077e-01
2.600695405546282757e-01
2.758894379733765057e-01
2.678676514821283217e-01
2.529256332482126002e-01
2.488982057058140018e-01
2.464774563233627092e-01
2.484378024366196147e-01
2.533399106986911065e-01
2.555436414942178214e-01
2.515965904082153592e-01
2.565205338089722176e-01
2.596165603122382315e-01
2.652006482596456216e-01
2.674849576673474782e-01
2.732672176969517253e-01
2.752451059645051323e-01
2.810725900794759369e-01
2.823537004958303065e-01
2.868018483368635074e-01
2.910666739997662678e-01
2.952677544934183551e-01
2.614880750146029165e-01
7.109115905981666650e-02
-9.916784236581821510e-03
-2.938435456559385095e-02
-2.676049788979761868e-02
-1.225742439525656646e-02
4.707042496177038515e-04
1.762235374469844906e-02
3.346299056186241572e-02
5.117535638848691448e-02
6.483667098142187335e-02
3.232246476448932260e-01
3.773766599957186774e-01
3.925255264883020789e-01
3.926836402494173761e-01
3.904645093828431612e-01
3.887299890878137543e-01
3.860731126847987138e-01
3.837977724836814097e-01
3.802994114874085341e-01
3.823151278619520976e-01
3.841799988144896094e-01
3.823992880360089774e-01
3.786193918474398679e-01
3.749645474836964532e-01
3.698239718761255901e-01
3.653075134989178796e-01
3.590245390589317243e-01
3.522928232473085952e-01
3.458736072679065021e-01
3.403948587807734683e-01
3.310145692077137713e-01
3.209221565097146733e-01
3.087291185239955382e-01
2.951923612469176117e-01
2.710678236385570816e-01
2.497896225205522569e-01
2.224663374493491830e-01
1.840273360850039897e-01
1.638775519862871732e-01
1.515738131605586236e-01
1.352081333843107025e-01
1.148906735216363995e-01
8.871583953564865510e-02
6.521079797673645650e-02
2.727077883216710852e-02
2.424082229593449433e-02
2.045683197639247553e-02
1.296209747271737101e-02
5.810395993557371241e-03
-9.938261792331704036e-03
-2.835750088376787215e-02
-5.272055343036907704e-02
-6.147849847255726363e-02
1.285060961750938979e-02
2.376232975864880359e-01
2.793771356757397406e-01
2.908006679740655631e-01
2.821254776039396894e-01
2.818726188672884270e-01
2.610998248203455496e-01
2.081661964861456493e-01
1.499733524339459390e-01
1.942433872136077877e-01
2.367024800342880653e-01
2.555488638876213248e-01
2.527964079994733382e-01
2.521371482491985283e-01
2.499038996477305208e-01
2.305371918412499888e-01
1.924879207561016603e-01
1.676102826692265069e-01
2.235231032061835155e-01
2.526246643833602867e-01
2.766095741110756734e-01
2.679009827939433652e-01
2.534839307272931386e-01
2.401023649397406867e-01
2.211116251564166912e-01
1.640182512018255601e-01
1.988939315216227133e-01
2.364409357747536689e-01
2.469870153124107404e-01
2.570298187811725921e-01
2.592730022616422936e-01
2.600509290100334603e-01
2.395424359450528673e-01
1.876791033406255416e-01
1.471368352017274894e-01
2.188821629065165197e-01
2.664357624979489803e-01
2.883451338002194220e-01
2.871084003419028807e-01
2.961626724707415725e-01
2.594315920829908251e-01
1.156564225272305180e-02
-1.073102451029386284e-01
-9.451537723693892445e-02
-4.710921736770368184e-02
-1.151070004960519366e-02
8.966602876747886697e-03
2.668814893726834114e-02
3.424889745450188094e-02
4.617688626045235445e-02
4.988717080059323905e-02
5.168459689877979990e-02
9.335135818021012000e-02
1.205738147738437682e-01
1.414103661454733096e-01
1.602490053216349963e-01
1.705383877368857881e-01
2.061481537992253532e-01
2.406518307343892271e-01
2.560604410127349517e-01
2.776771870568564005e-01
2.993022731446244311e-01
3.146845990417508343e-01
3.247508937587306743e-01
3.353279401495297130e-01
3.428606149154906912e-01
3.503751392274050414e-01
3.549475173884522050e-01
3.603152406308756106e-01
3.659210285697180876e-01
3.716577503953280015e-01
3.759681697711345638e-01
3.803340312747840457e-01
3.834593951259868128e-01
3.847855007696350249e-01
3.835279331817025295e-01
3.813434530757309204e-01
3.836700984197765063e-01
3.869277149360041967e-01
3.890598738363886255e-01
3.913871879360599770e-01
3.921953787039587080e-01
3.931721168094830521e-01
3.797952188807136586e-01
3.674185405188967746e-01
3.873903679132166822e-01
3.919595760822434105e-01
3.946171874309096772e-01
3.955267871324708029e-01
3.920726604608280041e-01
4.135363824172264557e-01
3.953207299782521833e-01
3.955362969036810838e-01
3.925753499144479797e-01
3.505905898619254835e-01
3.897684527922182784e-01
3.881770500551322556e-01
3.858031257217127141e-01
3.836666869491185405e-01
3.846154403682406908e-01
3.854539435904469347e-01
3.835583679510710109e-01
3.685147791251686122e-01
3.731269278364066633e-01
3.722601775895306719e-01
3.676431735881093843e-01
3.633949457956564544e-01
3.574632377811706174e-01
3.517919696840148269e-01
3.426893414038776342e-01
3.286631994523645517e-01
2.254216964198167972e-01
3.087287586856009014e-01
3.017835854264989681e-01
2.850515686278720651e-01
2.670922013250431881e-01
2.480650773951551535e-01
2.095676306757203733e-01
1.619251319060219796e-01
8.150958253737927706e-02
7.353851693070745377e-02
1.094315464479065358e-01
1.049048794465552437e-01
8.797168920133469072e-02
7.663067301861703484e-02
5.671523607208528439e-02
2.695262802422404569e-02
-1.886500614833019895e-02
-9.802035641020834245e-02
-4.636990868691226453e-02
-3.510374195737975267e-02
-2.678325737580344867e-02
-1.811072505820798817e-03
7.804599175746762540e-02
2.695319195567515980e-01
2.900346446258079691e-01
2.411600645408100707e-01
2.391295305790892556e-01
2.766533624366402933e-01
2.798973772298927187e-01
2.754773904475174007e-01
2.735569019161725457e-01
2.666681274231859078e-01
2.605527055355749688e-01
2.427681138615365164e-01
1.320757318660734647e-01
2.330117343635580429e-01
2.492743918997566421e-01
2.497865606018330187e-01
2.484327694998476055e-01
2.466363423910609143e-01
2.457422652618477255e-01
2.458280494368139113e-01
2.498607565633110816e-01
2.614392512856760220e-01
2.509713870846299599e-01
2.428147989791371586e-01
2.471079458396514550e-01
2.460498388439333883e-01
2.499517060342866248e-01
2.498791719247024368e-01
2.354113334559502224e-01
1.822741405498335965e-01
2.381686499610291552e-01
2.566701857662465613e-01
2.673438738530014014e-01
2.706361063274016487e-01
2.757727775667020431e-01
2.771834877062315794e-01
2.752117485414613540e-01
2.523222496787214109e-01
2.267452586758924582e-01
2.837092865333548097e-01
2.971294013175362903e-01
1.389363291040126569e-01
2.505071358027644024e-02
-2.443058870943826122e-02
-3.317411390252189562e-02
-4.846124242868088405e-02
-1.018976683328521871e-01
-3.991035177804413969e-02
1.702156431611867582e-02
4.706944191664486077e-02
6.753812427067784618e-02
8.498479995744290250e-02
9.528064943601388670e-02
1.034134335227796520e-01
7.576333824103476111e-02
5.160688663156043354e-02
1.495494304320252876e-01
1.883197880032829730e-01
2.352292357834697700e-01
2.599824027707058338e-01
2.761066075802427466e-01
2.963501067419156421e-01
3.043234929853353421e-01
2.564941212175733121e-01
3.167619782586399424e-01
3.403793135276873549e-01
3.482466530744174893e-01
3.557830587855232984e-01
3.611841751106255050e-01
3.662792685115421332e-01
3.700705805155732886e-01
3.735997202631500258e-01
3.445498233963204537e-01
3.824830176483973165e-01
3.849933976640049771e-01
3.839925206527932122e-01
3.824416909631673800e-01
3.851386756561387958e-01
3.870715354151521570e-01
3.893816841930919370e-01
2.673881533019946133e-01
2.364297751263595426e-01
2.913389303602427205e-01
3.025847702580486409e-01
2.377916170656437789e-01
1.213901999372364315e-01
2.284729599708203995e-01
3.035780544408708259e-01
2.993944042490683799e-01
2.558268761875186481e-01
2.795253077882284831e-01
3.355774976562568845e-01
2.961230507741006157e-01
1.659958317050957977e-01
1.209085277917807399e-01
2.694403330115457962e-01
3.137687655760958982e-01
2.772977661557018969e-01
2.395622588813728360e-01
2.891658097167975061e-01
3.032062325773807743e-01
2.478067341528906731e-01
1.157499699047681574e-01
2.217331524520889108e-01
2.965911383109953725e-01
3.006964500115447692e-01
2.430534913903292793e-01
2.597297902391804136e-01
3.105705503799736089e-01
2.886655554737378448e-01
1.946642021087314767e-01
1.480779152575917301e-01
1.505596657676193662e-01
4.829869483512538864e-02
-7.550778233487520641e-02
-1.414227308774490544e-01
-6.112115350943736480e-02
2.509454302350988542e-02
9.788339451873784292e-02
1.670330174637577603e-01
1.459805673223024680e-01
9.152367233755409615e-02
3.285764589966277960e-02
-2.107442250860214195e-02
1.283413881921990907e-03
8.701522693681784659e-02
1.652058567705798620e-01
2.272484449560463471e-01
2.658558261876733386e-01
2.546333224044410315e-01
2.240319719562133827e-01
1.850936381224013161e-01
1.637220669334309431e-01
2.240906761036398631e-01
2.847700862703121949e-01
3.333810893748243576e-01
3.646925625150816419e-01
3.563181307079230642e-01
3.367993863475269301e-01
2.997069372988945268e-01
2.668490863275041480e-01
2.722918878374158691e-01
3.132179677109301341e-01
3.545799330066421451e-01
3.817073064429461482e-01
3.921989751858274698e-01
3.720064487682488430e-01
3.291088302400262400e-01
3.004847710828444374e-01
2.801940031818759280e-01
2.983929988044076165e-01
3.164229261196331855e-01
3.398410631004982196e-01
3.632043113293961234e-01
3.359086574876288811e-01
2.945533323997417963e-01
2.870109615313920504e-01
2.878848150455353139e-01
2.880005406433183701e-01
3.034625111478659321e-01
3.262441477844568727e-01
3.692803086380989086e-01
3.906446022365426263e-01
3.647924847352310707e-01
3.301886976883470215e-01
3.074702665573387783e-01
2.870386095146999494e-01
3.011418444533286998e-01
3.335831275916554262e-01
3.648119798019509030e-01
3.807135072856033808e-01
3.722759817037757379e-01
3.473594603930005853e-01
3.023632655330243946e-01
2.536247987100066492e-01
2.321148816375047108e-01
2.653304456034195624e-01
3.030314206942428257e-01
3.291873047440274647e-01
3.495249576204055852e-01
3.001709656336355447e-01
2.401596271300410201e-01
1.632816764767472950e-01
7.199513040516247742e-02
6.795470328970720786e-02
1.230083863923594478e-01
1.731311800525991984e-01
2.137140820742027270e-01
1.974023043029278224e-01
1.188740314787208874e-01
4.610314129364856406e-02
-3.917056584704137201e-02
-8.042093312441078723e-02
-2.200677613477808325e-02
4.139626799645745869e-02
8.865978472374114183e-02
1.219974479104886100e-01
6.650787475667141457e-02
4.396505165234398937e-02
7.118987833851719849e-02
2.191921061519803704e-01
2.649888490819218845e-01
3.144703393308041495e-01
2.810404829402251004e-01
1.668037445676344710e-01
1.636867557162169362e-01
2.760489064769722223e-01
3.122243139793783318e-01
3.839437689989371183e-01
3.829025194411765920e-01
3.814792177047556798e-01
3.837050064040963271e-01
3.861508517052731904e-01
3.878100769523049607e-01
3.861949467668008840e-01
3.772960793124213730e-01
3.659731177556342363e-01
3.459955393100631049e-01
3.319648774153767246e-01
3.245049715645897948e-01
3.541773431506416436e-01
3.716186774761638389e-01
3.824793838062798823e-01
3.874172291450088679e-01
3.866966802784683743e-01
3.850014327659152524e-01
3.830462923429476252e-01
3.803353794269617172e-01
3.824556834242305303e-01
3.836810669745742697e-01
3.816549991791240437e-01
3.776262969657866453e-01
3.740127554579060210e-01
3.687436755340662842e-01
3.645050800108480260e-01
3.589216770613092855e-01
3.536175671810388721e-01
3.459629650795092992e-01
3.384265739641072468e-01
3.290162581411582021e-01
3.194975973756568610e-01
3.067681117930805001e-01
2.931983119126777559e-01
2.712253100578401188e-01
2.540145793123800289e-01
2.288986227237901350e-01
1.843037479975642157e-01
1.627578103353690686e-01
1.481986818857359278e-01
1.285121941824942660e-01
1.104219280137579418e-01
8.856059796536741580e-02
7.433865676425610580e-02
5.748340013212027699e-02
4.174194325789959414e-02
2.449980932735340566e-02
7.491273873524884053e-03
-3.909927390064904529e-03
-2.111642617253217669e-02
-2.621414291055568224e-02
-2.825613789944592114e-02
2.223932707401643505e-02
1.386668984595793574e-01
2.975345129925552889e-01
2.933280832543485594e-01
2.898304738333978836e-01
2.841288487962028153e-01
2.827424315660558296e-01
2.780709980987274843e-01
2.755149378359118550e-01
2.703573819837032932e-01
2.681682002090404193e-01
2.623867914261808210e-01
2.593338234330981873e-01
2.540597929490597817e-01
2.521333199767827882e-01
2.531109881042843401e-01
2.505737953910776028e-01
2.457572767110771661e-01
2.480261493631281677e-01
2.465473147225922812e-01
2.600755536927414902e-01
2.759058744920377393e-01
2.679135735147228914e-01
2.529218041486798185e-01
2.489121221486660929e-01
2.464803867978211382e-01
2.484488573118448507e-01
2.533534213934307555e-01
2.555260119874664948e-01
2.515907558211714079e-01
2.570681631821272184e-01
2.595752935579114240e-01
2.651809063122370080e-01
2.674908617627786978e-01
2.732054213439392143e-01
2.752373402895298415e-01
2.810409149936150541e-01
2.823240916452991467e-01
2.867935126094980358e-01
2.910263616489292549e-01
2.952674504070214034e-01
2.661104504235953794e-01
7.314418550868495572e-02
-9.009958588843791638e-03
-2.936204437673795020e-02
-2.542007829899539662e-02
-1.259190934411213991e-02
2.614488738579279214e-04
1.717525262041896816e-02
3.324796373349281353e-02
5.097207770467515608e-02
6.474273922238027446e-02
7.814616932350926248e-02
1.003033200808083336e-01
1.205855576892531644e-01
1.384492796620688804e-01
1.566264118309750319e-01
1.691450214302610000e-01
2.083776557881700242e-01
2.428900710437482680e-01
2.616625463190633827e-01
2.814727432388304251e-01
2.993569242611766601e-01
3.135009936116328610e-01
3.231118432073858404e-01
3.339216080943092635e-01
3.413363063859256030e-01
3.496367724352638096e-01
3.553667219378680020e-01
3.616069143599847102e-01
3.658233237706021157e-01
3.712036954928559229e-01
3.750272077277139182e-01
3.794879997924320847e-01
3.824977679451191381e-01
2.829602204608854255e-01
2.839545005068599970e-01
2.902905176210797134e-01
2.930188844463090803e-01
2.974478937704956305e-01
1.136220572254449390e-01
1.321083990674765118e-02
-2.970552352806876684e-02
-2.584006302850427872e-02
-1.952610361531748051e-02
-4.136995695167899889e-03
7.557648191658383752e-03
2.736879738293551689e-02
4.230688596943843471e-02
6.129071895496607247e-02
7.655065294732033010e-02
9.659335454636197582e-02
1.130165537851939295e-01
1.343663123967331341e-01
1.488460555752264547e-01
1.653859902015568650e-01
1.898382058276175677e-01
2.348103087895785368e-01
2.565753138379542886e-01
2.736383536331488120e-01
2.960690850875218327e-01
3.084193797767877943e-01
3.207566012020250934e-01
3.297682385952434014e-01
3.395651125779306501e-01
3.465701460861636551e-01
3.543678388070574670e-01
3.597975706376543847e-01
3.653513068122564711e-01
3.693509621756845274e-01
3.744711769952122626e-01
3.783200926602698910e-01
3.817410286741065306e-01
3.841364616026539114e-01
3.824245249525917156e-01
3.805200142860598600e-01
3.832984290972449859e-01
3.852708506739297434e-01
3.877008912116199912e-01
3.872708325779306016e-01
3.831042416610770385e-01
3.694045665892613517e-01
3.526250419310446027e-01
3.189502396200087908e-01
3.095233799157963706e-01
3.515664638486659666e-01
3.671692372974850738e-01
3.801720191342912170e-01
3.858146018285542045e-01
3.880058831152222165e-01
3.852386648368961719e-01
3.835522118248171353e-01
3.814419613236552653e-01
3.825204127747829919e-01
3.846947966572387134e-01
3.821585148874562243e-01
3.792678988294901909e-01
3.747148524267940317e-01
3.706544240418592207e-01
3.654156535104096104e-01
3.611785813614676321e-01
3.551110348127510807e-01
3.495072985279099598e-01
3.409989754744555679e-01
3.326327981567687164e-01
3.221574385757060011e-01
3.113785991926429908e-01
2.975510539073003002e-01
2.784062902277721907e-01
2.601422027917998925e-01
2.404690409233105619e-01
2.015189080284458534e-01
1.687415661035589487e-01
1.523298595435356173e-01
1.360122808423913643e-01
1.129542250322239649e-01
9.713069758993686520e-02
7.185684472278031087e-02
6.406513881250219811e-02
4.744302453668081121e-02
3.276683945524871966e-02
1.163671411037392467e-02
-2.145795278591600130e-03
-1.647101261982020226e-02
-2.665771821180651369e-02
-2.993938406559260024e-02
4.508075086260276976e-04
9.047056610111336994e-02
2.988330840293642598e-01
2.944855362870082427e-01
2.905269265790326738e-01
2.857108499593479234e-01
2.805935547675666442e-01
2.797363433616699702e-01
2.745627185542705018e-01
2.736270347711509121e-01
2.672540677060217806e-01
2.655317773333245590e-01
2.595396076820593034e-01
2.564485266437330768e-01
2.506772228423967963e-01
2.552307214967848292e-01
2.512820840588416704e-01
2.482364263120448999e-01
2.447323921790856005e-01
2.489088786115882801e-01
2.601131678696662064e-01
2.688275170556593263e-01
2.694275706647681901e-01
2.609213767428140152e-01
2.494682554012264131e-01
2.481304919992255442e-01
2.483591753198470808e-01
2.507609984159853145e-01
2.556676708995488934e-01
2.520197326365951618e-01
2.539350866625065262e-01
2.592113878396649085e-01
2.616439940128751918e-01
2.674172220852986115e-01
2.701489592418848673e-01
2.751686096561427597e-01
2.785514582416621643e-01
3.841087516129122470e-01
3.828451214415080628e-01
3.814045228689277867e-01
3.835843710318953548e-01
3.860591326736848572e-01
3.877324314479400069e-01
3.862842093958325229e-01
3.778374764897942661e-01
3.669763638114944548e-01
3.486338110068569751e-01
3.052189593906882159e-01
3.214035541953206288e-01
3.549722581472809502e-01
3.701264756346795970e-01
3.835137960060761575e-01
3.870659460166570032e-01
3.875479333598972342e-01
3.850653466171927164e-01
3.831103878968704635e-01
3.803294024611363344e-01
3.824036553630001389e-01
3.831858769498215356e-01
3.816078432009406551e-01
3.776979409067766635e-01
3.741268999740663403e-01
3.688868170355765752e-01
3.648707071975343386e-01
3.593091115287470050e-01
3.538136811399272830e-01
3.460862920297542722e-01
3.393044359017933775e-01
3.291987179740774039e-01
3.195116917247087240e-01
3.073215150963446440e-01
2.941302643916559045e-01
2.722510357438887585e-01
2.550869815162610799e-01
2.306437842605768562e-01
1.866047029194037865e-01
1.625043180589140768e-01
1.480450440399208034e-01
1.301766995573392371e-01
1.114835760893375660e-01
9.391356513030180153e-02
7.582138461233411952e-02
6.082369094954498401e-02
4.225647660472908740e-02
2.721214684893125124e-02
7.345102410152515304e-03
-4.407477620189004242e-03
-1.994297543944456574e-02
-2.601747416789590428e-02
-2.760860018878585898e-02
1.964173314066286480e-02
1.287120744180163534e-01
2.974268212331778738e-01
2.936305174212052727e-01
2.900017332395241620e-01
2.848677003559612064e-01
2.824352941659591387e-01
2.787020722223036984e-01
2.761605390147137129e-01
2.705442907945410091e-01
2.680164147819970033e-01
2.624504635823627918e-01
2.599419582061137657e-01
2.538510880035829143e-01
2.518311693214427827e-01
2.536253021201020363e-01
2.505958886199430857e-01
2.450432129588271390e-01
2.474848249332579631e-01
2.460614308653410465e-01
2.601511304142538616e-01
2.654432793525385303e-01
2.676382109370603057e-01
2.499676590490569339e-01
2.482412299368979003e-01
2.434297286365327828e-01
2.478586991739415435e-01
2.506776706247055841e-01
2.556745407132750003e-01
2.516900692461845335e-01
2.565011636797183137e-01
2.596586326818741686e-01
2.648455725645890713e-01
2.678205273803706543e-01
2.739183121845560898e-01
2.753872710464311258e-01
2.808576934249951140e-01
2.824624730239184700e-01
2.866309573203624783e-01
2.905801726285157649e-01
2.946736063125123817e-01
2.839664917984210391e-01
8.223411915428391339e-02
-8.817391779034622346e-04
-2.860508947334117202e-02
-2.633325458800372942e-02
-1.394266488945428151e-02
-9.092163621841065080e-04
1.643074367951302683e-02
3.312856226001859028e-02
5.165923130269467478e-02
6.493800801904070497e-02
7.655114075057900536e-02
9.883804037157162270e-02
1.159457837388189194e-01
1.372853546305716765e-01
1.529904561041106614e-01
1.687440665822652619e-01
2.038721008333026496e-01
2.421142655056425230e-01
2.607884987557247403e-01
2.799818399692790560e-01
2.985904842366327028e-01
3.119684264907049975e-01
3.227992251361613274e-01
3.335482307069870256e-01
3.410461467988978868e-01
3.495040219757041822e-01
3.551744958507174754e-01
3.612849571568261808e-01
3.655549774045716571e-01
3.709920060968019406e-01
3.748085185017417942e-01
3.792843514896835355e-01
3.820234838428446800e-01
3.841865333124325765e-01
3.839134045909544657e-01
3.802745719128315383e-01
3.772748171409359141e-01
3.723712684053017696e-01
3.682110413270649474e-01
3.625823737881250786e-01
3.578352574672745146e-01
3.508656079444048004e-01
3.446765598526282393e-01
3.359536055271177268e-01
3.276507909956880571e-01
3.166475117766591740e-01
3.046658850027348375e-01
2.879280509651467312e-01
2.675052095648056127e-01
2.491950444426636047e-01
2.194622017530483138e-01
1.723660886762805600e-01
1.603055307772971450e-01
1.470900161986221644e-01
1.260036551647030212e-01
1.076214932327661522e-01
8.376625196039655386e-02
6.994932657399322018e-02
5.180380788129546055e-02
3.644324654183517254e-02
2.136609864044558549e-02
4.527924442780273395e-03
-8.979491200162503795e-03
-1.935100882862528238e-02
-3.030605725760393554e-02
-2.153314876925771504e-02
3.710155396691794394e-02
1.896939011695459865e-01
2.946061578315217755e-01
2.921626129192154142e-01
2.875214501580485305e-01
2.845960299739045407e-01
2.811746007625370858e-01
2.775788515940955659e-01
2.727602926859085120e-01
2.698562295848567771e-01
2.646826766755687732e-01
2.617303070402829945e-01
2.567342993414853947e-01
2.545390240854810138e-01
2.555729831796373919e-01
2.529705860384903193e-01
2.482550710212025891e-01
2.475117389975578508e-01
2.457481597281925279e-01
2.534365986650337632e-01
2.602173079469753958e-01
2.767784885506676673e-01
2.577241208962690600e-01
2.531135454226502990e-01
2.456168833241045846e-01
2.474719883950766697e-01
2.483249048683990878e-01
2.528076539838490788e-01
2.553762684604730104e-01
2.544542813558194894e-01
2.568324484395672069e-01
2.626752467576152217e-01
2.652149723242902546e-01
2.691768492842081528e-01
2.725295394861366738e-01
2.764603621872530059e-01
2.805894158869821631e-01
2.833439751043442811e-01
2.872636870750040483e-01
2.914142173912317446e-01
2.955658418631408324e-01
2.047217391504485562e-01
4.419395813913418181e-02
-2.122463247672823350e-02
-3.196123573476239432e-02
-2.157885921846780519e-02
-1.043159626502265791e-02
5.050649508518079145e-03
2.229025173578258467e-02
3.750055840498300874e-02
5.261549539093279826e-02
6.544165545443747511e-02
8.143271463993895232e-02
1.037778895530490075e-01
1.240984848960473563e-01
1.429919463123014989e-01
1.606527593973421375e-01
1.728366795837565917e-01
2.182511483661366825e-01
2.486158886418978753e-01
2.663954839358604332e-01
2.869733139734762517e-01
3.034978770454710428e-01
3.157947983291673477e-01
3.266717508258374369e-01
3.359052746275201784e-01
3.446822032429446292e-01
3.508987013361417606e-01
3.575095093622278064e-01
3.625433456457480830e-01
3.678509378747529812e-01
3.720540140276060725e-01
3.769893317425612178e-01
3.802416621149964371e-01
3.838988878385301007e-01
3.838140438567094748e-01
3.838913159775767525e-01
3.819816299326030951e-01
3.846211658978950787e-01
3.866694071984873027e-01
3.882985330784740619e-01
3.868244573152535004e-01
3.776604774219187721e-01
3.619400222068132056e-01
3.383974230297346342e-01
3.162609719953810572e-01
3.375665825346481075e-01
3.601191227091897762e-01
3.738685846683604819e-01
3.861181144787422248e-01
3.883683165374347546e-01
3.867500341237799510e-01
3.846180758940320743e-01
3.821042013049176234e-01
3.839141987192133953e-01
2.581357967868025405e-01
2.497588691965046959e-01
2.598704440619505895e-01
3.061166355257427529e-01
3.376949785966456563e-01
3.611076443506864297e-01
3.755627405911590166e-01
3.745986383226047600e-01
3.695662053279598069e-01
3.620788381107515885e-01
3.501889163858531440e-01
3.665124475953769334e-01
3.847219593470867505e-01
3.976423254473409052e-01
4.053752429377412980e-01
4.064957565945386264e-01
4.017388217285620122e-01
3.931530229296658074e-01
3.865390564247743743e-01
3.826954946718743589e-01
3.965305270231000989e-01
4.037587823132999798e-01
4.051669514014182294e-01
3.960498524317765945e-01
3.799569703837579748e-01
3.531052281319122521e-01
3.389095617297510632e-01
3.526075746204764272e-01
3.774476751116815354e-01
3.984881824327748401e-01
4.067316625117456397e-01
4.087387059185396687e-01
4.074915000473668947e-01
4.030128474341843070e-01
3.937269865554644532e-01
3.848834543418844234e-01
3.760076920409021195e-01
3.870397339808764325e-01
3.925039589725154432e-01
3.968873581155554220e-01
3.981712847022575996e-01
3.904104751029788822e-01
3.778296968756502672e-01
3.580295537417057528e-01
3.295594595225053158e-01
3.256214016224510122e-01
3.369869353900754039e-01
3.433901084122570335e-01
3.462520217548987755e-01
3.361998466909894567e-01
3.029840228819322689e-01
2.634943169203352031e-01
2.106490123221602673e-01
1.284315099437693952e-01
1.408635505840860613e-01
1.550897212322479568e-01
1.677559926171969806e-01
1.713582365988430833e-01
1.369354740835551087e-01
8.372274501304799443e-02
2.867918860678519977e-02
-4.052347421457280774e-02
-4.631159535453499565e-02
-2.472968505738903922e-02
-2.143546335916624024e-03
1.417484329971108181e-02
1.754503779761051874e-02
-2.553895951948681464e-02
-7.440921339649464450e-03
1.513680356599209631e-01
6.675760724846109273e-01
4.213165799049800597e-01
3.306809376868258266e-01
2.905370237881785833e-01
2.663298217283038838e-01
2.767874298213190976e-01
2.969290878776713605e-01
3.561517490966099597e-01
4.818902119579921983e-01
4.797358668286746397e-01
3.426909951059629034e-01
2.819860604819304228e-01
2.540890217269489160e-01
2.540674825284692240e-01
2.657383599290086273e-01
2.983225897883940991e-01
3.844538351701598522e-01
6.442041872806814062e-01
3.965940725140313372e-01
3.159989928832915851e-01
2.820693982974042946e-01
2.605300980987736992e-01
2.523503981847547983e-01
2.733082044987751313e-01
3.291781415001693301e-01
4.584648929651380378e-01
4.945727645252677718e-01
3.403536907632713771e-01
2.842830930002697709e-01
2.624404419702979219e-01
2.583700647587980903e-01
2.752721300906106894e-01
3.125786826554211029e-01
3.962429311491930672e-01
6.258540493449582520e-01
4.277624518631331085e-01
3.342346856876821093e-01
2.958626197634008914e-01
2.739621663135032303e-01
2.810326320107696674e-01
1.008250263052892226e-01
-9.138154129853970353e-03
-7.291341210606805401e-02
-8.935023044564771588e-02
-6.183466954862038012e-02
-9.732168089785608878e-03
4.035999449018001783e-02
8.851433070847591900e-02
7.230710487610059189e-02
5.741435362351476890e-02
3.437930307965819665e-02
9.713072207466977304e-03
6.564795027984327014e-02
1.286134779585703658e-01
1.765334408754823947e-01
2.171013771885743626e-01
2.411260076646057904e-01
2.610167596409445068e-01
3.196447679395069130e-01
3.450866774756666810e-01
3.511840120270539600e-01
3.398907275861253741e-01
3.108179340235419641e-01
2.235722546198839478e-01
1.474924134453228231e-01
2.956441390665871527e-01
3.521051974056763623e-01
3.758669223477901777e-01
3.892394156051077747e-01
3.791957992253485177e-01
3.547862126624785617e-01
2.825785462130909753e-01
3.151977799147309689e-02
1.607932172050856590e-01
3.090146510112790068e-01
3.480635003399701333e-01
3.721122691595670773e-01
3.584938776000281546e-01
3.004513828295010125e-01
1.461111431770378832e-01
-1.143900150356186307e-01
-2.767158192107410652e-01
1.464115315678706786e-01
3.015428631926591052e-01
3.655318777865723678e-01
3.911451798701965910e-01
3.784893105455449103e-01
3.546726581772701170e-01
2.883533950080836572e-01
1.106123939986207727e-01
2.324894574815354886e-01
3.339034639490274792e-01
3.659854212020900999e-01
3.794157406057887538e-01
3.775058123021342027e-01
3.588273883121544383e-01
3.231918207345061411e-01
2.378753342124373393e-01
1.120652906013408501e-01
2.585219282321564727e-01
3.117010435503309029e-01
3.290780243690705209e-01
3.341343473075226722e-01
3.116691075077473450e-01
2.729246961694276052e-01
2.078639267371160670e-01
9.651679801766444022e-02
9.585639375098642390e-02
1.417752766154194433e-01
1.611446785076808830e-01
1.643292579433688338e-01
1.482729320852513855e-01
1.169917726918323631e-01
7.274949545113029714e-02
2.454345917832645441e-02
-2.691799481360890312e-02
1.009337438362112316e-02
2.049722218106420080e-02
1.079130337039924115e-02
-2.253104211457634953e-03
-2.305014064430932486e-02
-3.069605497695537810e-02
-5.210870592941452273e-03
8.992990868643180313e-02
2.920223584459271660e-01
2.907460561866528348e-01
2.716937465923963124e-01
2.556344333636719757e-01
2.430276223920337930e-01
2.511365403383460926e-01
2.582391304587363656e-01
2.712628314895189074e-01
3.231929880603618965e-01
2.603069811417937363e-01
2.387077834290078915e-01
2.204658997850685864e-01
2.014619780498791979e-01
2.111565817681531065e-01
2.193121372338244779e-01
2.303562047609628571e-01
2.417389570735812843e-01
2.412871033834060874e-01
2.198304741968173381e-01
2.033245201214315401e-01
1.877647706401319727e-01
1.855587374640141896e-01
2.003519519930347936e-01
2.200951180216108582e-01
2.360407458675048975e-01
2.883886818089835824e-01
2.450748201288455164e-01
2.289902067240139338e-01
2.178887796719817249e-01
2.123328689073933351e-01
2.207093365697039289e-01
2.403247594218254068e-01
2.584083921970949937e-01
2.810297848369942564e-01
2.865636531057840219e-01
2.759470225629192530e-01
2.646945761037309275e-01
2.607897033562831535e-01
2.569937935813317864e-01
2.742984982971701235e-01
1.210926035257948730e-01
2.197958284280887575e-02
2.834532279013979306e-03
-2.030181425755062108e-02
-2.008523288686359098e-02
4.412565937556900408e-03
3.068231460836612357e-02
4.991864408583035484e-02
5.548909499911092169e-02
5.166643978519580571e-02
1.506549351175090479e-02
5.994367167102332417e-03
7.987231136707317880e-02
1.332573048080802902e-01
1.707520328760234740e-01
1.917870054274617431e-01
2.027254848646724561e-01
2.217827610726048615e-01
1.882121181344686978e-01
7.525416362997305875e-02
1.847813699949523158e-01
2.738099012139163513e-01
3.329281578841714051e-03
1.605748093894665551e-02
2.747276180200830531e-02
4.227824145616398965e-02
6.124045821315204918e-02
8.442500029942978657e-02
1.109905566849036518e-01
1.337394166809000584e-01
1.482859588488827374e-01
1.599430517109432515e-01
1.671194187747429005e-01
2.060580081119351981e-01
2.432312428447396258e-01
2.686737737804609782e-01
2.956414665546194254e-01
3.166335139519127484e-01
3.279114206814730537e-01
3.334106165111174747e-01
3.371835704059744643e-01
3.403054958992013379e-01
3.456763428755427192e-01
3.593961363283255661e-01
3.696350343993979326e-01
3.793439846850235053e-01
3.857305209467887241e-01
3.867858067484808426e-01
3.866536218609184505e-01
3.857342304335247274e-01
3.807073161825385021e-01
3.850905340340500249e-01
3.897478510209158031e-01
3.960034691775105031e-01
4.026959232809614875e-01
4.039419312888867797e-01
4.022586717690217473e-01
3.948218824541667171e-01
3.689517584671080375e-01
3.425609876596777958e-01
3.395882528498757047e-01
3.806457772504445725e-01
4.046903591075683426e-01
4.078469551542880378e-01
4.034807294751878715e-01
3.982455491656333724e-01
3.915693320844881864e-01
3.830943704984464127e-01
3.839094966459468683e-01
3.901747562423516502e-01
3.932638184393129066e-01
3.962664702934908245e-01
3.923042564165433177e-01
3.853281440764171339e-01
3.763128223359166746e-01
3.665293501459527814e-01
3.576463525277884248e-01
3.587947491376770603e-01
3.568035960615794089e-01
3.556007914376781986e-01
3.506874901568002301e-01
3.385515306032194083e-01
3.210706910256109214e-01
3.019111100596445496e-01
2.763181707635258277e-01
2.598187991247786766e-01
2.497152301700711341e-01
2.257904859708150802e-01
1.825639016539839510e-01
1.691985466210217393e-01
1.501375523166925685e-01
1.236090778476313101e-01
9.855800258110058998e-02
6.901668782861625218e-02
6.297659879275108175e-02
5.362489960179916970e-02
4.149556554126743180e-02
2.756646533400974874e-02
6.719872430555495768e-03
-1.101037159276962996e-02
-2.333530279102724592e-02
-3.233907534039159870e-02
-2.168682368199059685e-02
4.184330478160092071e-02
1.932623815722043226e-01
2.946280291037555177e-01
2.905595995253851260e-01
2.876667965528092452e-01
2.866636142749166005e-01
2.862748553845793076e-01
2.823468901044450252e-01
2.783261637173843894e-01
2.724619414462503553e-01
2.662170107089760762e-01
2.613089709499143432e-01
2.572529286531077819e-01
2.566492208440998013e-01
2.568716685012362166e-01
3.189751983336521768e-01
3.090402320603087283e-01
2.765237218754104109e-01
2.583552559171207186e-01
2.594398961745281174e-01
2.634639324522258796e-01
2.971306773600419504e-01
3.028897951351234852e-01
3.354176664127785923e-01
3.495768893620696538e-01
3.019741779550124683e-01
2.529308883596332880e-01
2.531087885597682607e-01
2.553219548913761017e-01
2.550184886192512490e-01
2.592157754835906491e-01
2.663576242531044969e-01
2.669544907911025611e-01
2.739493199435809601e-01
2.774118179091076275e-01
2.790239902746087797e-01
2.808193207414690917e-01
2.832714276099754791e-01
2.873682968961588369e-01
2.941089227986337651e-01
3.002207609995033444e-01
2.105186332702115859e-01
4.721033664157148202e-02
-1.887757118886768115e-02
-2.983986292120288653e-02
-1.817567544478249086e-02
-7.448321597854024034e-03
-2.005070723398105770e-02
4.131179816058794252e-02
1.947096116260214060e-01
2.956370332536053525e-01
2.928815415307872705e-01
2.870497686834232454e-01
2.841796909485867495e-01
2.813887109285075905e-01
2.782164272533862448e-01
2.735960883684815936e-01
2.698997200382799999e-01
2.655180333114011137e-01
2.633052155697563901e-01
2.567584794883224220e-01
2.544000419902510135e-01
2.554864063094464122e-01
2.536201799746151675e-01
2.476432622702176012e-01
2.466585237610385839e-01
2.451274425009011271e-01
2.524196095594992695e-01
2.586531148397888114e-01
2.738366074319833476e-01
2.552846057389988044e-01
2.514620489638588197e-01
2.453436832731699102e-01
2.464341852828049184e-01
2.476387308299363710e-01
2.531186717758966420e-01
2.563141462935167869e-01
2.545864550928496062e-01
2.566909951369258369e-01
2.626388676248399001e-01
2.657317684243962752e-01
2.699067860220070170e-01
2.735350177874609212e-01
2.777308731327157165e-01
2.812843184106794681e-01
2.845312922250986531e-01
2.870603016881454472e-01
2.923592746498819839e-01
2.956431536869248422e-01
2.011630911900119667e-01
4.427775141756917776e-02
-1.917173398386484706e-02
-3.003972714250358056e-02
-2.030720818430964414e-02
-1.011771501751768110e-02
3.902579792429916594e-03
2.153251867158556543e-02
3.751487994456947916e-02
5.377663406947674751e-02
7.050506786023125194e-02
8.315229201077745103e-02
1.047545600814812072e-01
1.241517287731743746e-01
1.423508959345820557e-01
1.594077968375369192e-01
1.722712654562736923e-01
2.186209190708059413e-01
2.491204551328387584e-01
2.671445434766068772e-01
2.874179074522664745e-01
3.035803950527473649e-01
3.157292122898078812e-01
3.263180512166337088e-01
3.355139036383580908e-01
3.445195330653694210e-01
3.508825148247696202e-01
3.576512659049009279e-01
3.627207376725227750e-01
3.678668709207724152e-01
3.719852158345824389e-01
3.768293772966786470e-01
3.800544686480209489e-01
3.837690393297996660e-01
3.841375837830733886e-01
3.838800223804890166e-01
3.820106328462591350e-01
3.846076762696950535e-01
3.866149458716634513e-01
3.880781438882727752e-01
3.854831095171684652e-01
3.760988937071336746e-01
3.606857654350859033e-01
3.369271346944455736e-01
3.156285603777282400e-01
3.361362924872253188e-01
3.602550420969421463e-01
3.734092099115400298e-01
3.852412000443656837e-01
3.880597277635906561e-01
3.866277181377222316e-01
3.846213698698461858e-01
3.820606882002131055e-01
3.839094577944419662e-01
3.841596653541163864e-01
3.838200149753490109e-01
3.801137809421073488e-01
3.770286590802280902e-01
3.720492155020529434e-01
3.679448385953634215e-01
3.624273133797584201e-01
3.577514277407167764e-01
3.509919829473593378e-01
3.446191449568514198e-01
3.356778040667252050e-01
3.271781945892928700e-01
3.159078364010803330e-01
3.038763594719622319e-01
2.873011625660855106e-01
2.673167215239740102e-01
2.495070334194160466e-01
2.195869376976018472e-01
1.724001187300339133e-01
1.595259426557669169e-01
1.428268742282321480e-01
1.246207120243658650e-01
1.067661143162945692e-01
8.365120389753122332e-02
7.079251024805865988e-02
5.416917285768851897e-02
3.770292057164947863e-02
2.145545945745519489e-02
4.100403117300865929e-03
-9.785134056174316086e-03
-1.975982776762308379e-02
-2.938087532052946482e-02
2.673514929804199358e-01
2.653058252000013439e-01
2.595058848272240315e-01
2.569123471460355024e-01
2.514021621077280333e-01
2.554526793108227167e-01
2.503621391014678732e-01
2.480057562981412556e-01
2.439094973123943078e-01
2.486280453072930996e-01
2.494990583871812273e-01
2.656111643128713506e-01
2.656758497657536466e-01
2.580180983768827208e-01
2.475143146905391944e-01
2.470821655450219367e-01
2.448585873264548241e-01
2.506406790265514051e-01
2.533726565022103028e-01
2.521884887541141484e-01
2.541440915960424540e-01
2.598219862595689822e-01
2.625496642247229229e-01
2.668786247898040642e-01
2.702108945816557029e-01
2.746227912726977305e-01
2.778280448772700861e-01
2.825700826029855506e-01
2.838854190542960954e-01
2.899897378433753392e-01
2.932702743181094807e-01
2.977542793930538778e-01
1.210839441529807381e-01
1.665070087179154612e-02
-3.017678546160507125e-02
-2.609752191414782541e-02
-2.038128366167690775e-02
-3.333254431282295371e-03
8.967945151773459855e-03
2.854223458784943546e-02
4.327020863040265120e-02
6.117910253977720814e-02
7.488857265341208880e-02
9.350396454442910787e-02
1.110466357066985932e-01
1.333040318359068888e-01
1.489941767571663078e-01
1.661860935475780732e-01
1.887774540066280426e-01
2.314618236115462135e-01
2.552444396953357231e-01
2.720810930740540368e-01
2.935212452884128354e-01
3.073501902689514953e-01
3.206389005454319818e-01
3.296234811696143741e-01
3.396726315066378454e-01
3.463802139006102454e-01
3.540369371434382018e-01
3.594256266650546205e-01
3.648809651687032751e-01
3.690344325897274569e-01
3.742629588006785024e-01
3.778311687830950838e-01
3.817794986603133545e-01
3.840987020904420568e-01
3.823976288106689658e-01
3.803818505381519888e-01
3.831351605731099230e-01
3.850977753189361863e-01
3.875947470906719872e-01
3.871209245990956394e-01
3.832830233912059015e-01
3.699898757421906659e-01
3.544556110975360941e-01
3.198301427086056581e-01
3.062745817030869677e-01
3.495021598452410228e-01
3.653819001123881360e-01
3.787433830759092679e-01
3.871023435787017686e-01
3.880063213973470315e-01
3.860786251856169748e-01
3.835368060394506173e-01
3.813850298533407734e-01
3.827662222126111402e-01
3.842665002679599429e-01
3.820948622121973504e-01
3.792763047947294019e-01
3.748157876891915485e-01
3.709396941053058061e-01
3.655240983733039073e-01
3.611852401194974860e-01
3.550144949369551384e-01
3.491777286010115944e-01
3.406170921454996225e-01
3.324945332419919630e-01
3.224302022085812069e-01
3.119475032997267583e-01
2.983091235029466937e-01
2.792810818604718470e-01
2.602209247331181974e-01
2.404005586003907791e-01
2.010157728170385294e-01
1.680487140194248941e-01
1.524436960995767532e-01
1.372937508312279675e-01
1.152810642563164567e-01
9.891958614939166949e-02
7.251439158983208344e-02
6.380491278534616839e-02
4.557160101468737956e-02
3.145609265748117167e-02
1.555228278617093451e-02
-5.095090819258185633e-04
-1.325079774283344225e-02
-2.589127710458705156e-02
-2.845742983889443245e-02
2.211941369221204212e-04
8.600888563057829117e-02
2.928441114540769608e-01
2.942393048495519636e-01
2.905262761122333615e-01
2.863065441258147992e-01
2.820207016318012627e-01
2.808135291867368544e-01
2.750272012838956837e-01
2.729098998948762400e-01
1.745060120242292179e-02
1.252998001307426001e-01
2.976208730146214787e-01
2.933020148893217272e-01
2.899894814816426081e-01
2.841691057128385989e-01
2.828697975686162991e-01
2.782049202910938934e-01
2.751512460154774686e-01
2.704645739310000963e-01
2.677643020297617582e-01
2.624580531470948053e-01
2.599559050464355092e-01
2.541502242582822646e-01
2.521319460224658027e-01
2.532288930780048908e-01
2.507298122645382765e-01
2.457895281898347939e-01
2.480441775154789141e-01
2.466772484402921517e-01
2.602012756916205483e-01
2.680510475082675814e-01
2.680877154626983838e-01
2.509431760213631790e-01
2.490653099436461737e-01
2.447387851499547295e-01
2.483892608085460640e-01
2.506148874944509330e-01
2.555303528081303011e-01
2.515490419028125757e-01
2.570283964932158494e-01
2.596389654557018645e-01
2.655784462304966453e-01
2.674663094801938978e-01
2.731932316613761014e-01
2.751298040355543151e-01
2.809406241724656805e-01
2.822805468949531882e-01
2.864434377516440478e-01
2.906353351385926320e-01
2.945288590767640713e-01
2.879239025508513183e-01
8.380291619408342108e-02
-2.353232109390646087e-03
-2.906045681402724679e-02
-2.609341130420073096e-02
-1.327026572054490483e-02
-5.690390678504408939e-04
1.615598115774519172e-02
3.241658430004146219e-02
5.020717752511671961e-02
6.430398270842441200e-02
7.623034396867178764e-02
9.899487947882867900e-02
1.164735055977943468e-01
1.375396455997222045e-01
1.530096919496273244e-01
1.685804279158809038e-01
2.027938734691967504e-01
2.412137054351128906e-01
2.605423079783779627e-01
2.797521737275949771e-01
2.986909444943899317e-01
3.121708515043923882e-01
3.225969602139577841e-01
3.334868335806913109e-01
3.409246186911489840e-01
3.493435975889791489e-01
3.550998824713058610e-01
3.612689496560885782e-01
3.656040767757704479e-01
3.710131409632251298e-01
3.748540639880613146e-01
3.793074618898890638e-01
3.820178015144657380e-01
3.841619487433267643e-01
3.828240158022846451e-01
3.814083623023480918e-01
3.835925430893554200e-01
3.860908647573100261e-01
3.880119858220829610e-01
3.869007668091943852e-01
3.784170083942810514e-01
3.674544757152362617e-01
3.489934936795082709e-01
3.050154836908842704e-01
3.209565070631792416e-01
3.550081603225889726e-01
3.703934417992935657e-01
3.838905284019333841e-01
3.871919404296386702e-01
3.875809299632457794e-01
3.850927312795906499e-01
3.831220818546341444e-01
3.803235297281022387e-01
3.823976523770160618e-01
3.841996279886756849e-01
3.817241972458673693e-01
3.778027631503471095e-01
3.742135122774277178e-01
3.689479889074984698e-01
3.648340744101423727e-01
3.593321877607533743e-01
3.539175031360810575e-01
3.462985622414005427e-01
3.395729064070747150e-01
3.295002388428185380e-01
3.204670050309044171e-01
3.074391930562039299e-01
2.942026017837917617e-01
2.721201676808895353e-01
2.552079785200218609e-01
2.309312292253238308e-01
1.876940356711136459e-01
1.632266880139285892e-01
1.486714083360798355e-01
1.305364383759766156e-01
1.115426086829534036e-01
9.329217408194745431e-02
7.511656161067681303e-02
6.071041777384000859e-02
4.275538721167126965e-02
2.797142632733784495e-02
8.381714388763006340e-03
-3.762391637166961900e-03
-2.022758083690856523e-02
-2.600397917441665818e-02
-2.978558756393989704e-02
3.444332031219097257e-01
3.508028435752890140e-01
3.575849449862302798e-01
3.626614418838474130e-01
3.678404077500072589e-01
3.719654725615695323e-01
3.768067771989442871e-01
3.800154032063169929e-01
3.837318846370723069e-01
3.837242842308989932e-01
3.838701565730335830e-01
3.820033941063381011e-01
3.846218355207156048e-01
3.866045808273432804e-01
3.880835413531595890e-01
3.856244981062015853e-01
3.763243616700158167e-01
3.609565502626403966e-01
3.376153610331333876e-01
3.156688992435563446e-01
3.375358301372086700e-01
3.597433493600457055e-01
3.731885307305216060e-01
3.850793397277501029e-01
3.880448877938189600e-01
3.866264469241345036e-01
3.845458788877824663e-01
3.820802303179329229e-01
3.839313401413988469e-01
3.841848651149115668e-01
3.838398302890571046e-01
3.801328648420529976e-01
3.770730156155570612e-01
3.720972560559698827e-01
3.680277169221859435e-01
3.624735973195012395e-01
3.578430941601211668e-01
3.510310553363444885e-01
3.446711246095837122e-01
3.357873846201273604e-01
3.273203836736056083e-01
3.160406106590916142e-01
3.039885945004023871e-01
2.875204943172287031e-01
2.674057014001935961e-01
2.497851616591983959e-01
2.201275292950366502e-01
1.725686063199263209e-01
1.597057415938905045e-01
1.459323917599224529e-01
1.247187362039046121e-01
1.069425801942345267e-01
8.392210275640921147e-02
7.098942278343289836e-02
5.441398003774455816e-02
3.780624582198699457e-02
2.158226474634705738e-02
3.944253952561815879e-03
-1.028611375911125947e-02
-2.002522744439283464e-02
-2.933688351782659520e-02
-1.985763180681388018e-02
4.127711819492763112e-02
1.930498636390314271e-01
2.956890788080037691e-01
2.923449324949196626e-01
2.870822640535106718e-01
2.839361087746010703e-01
2.818020971256265383e-01
2.787737653067288157e-01
2.746258828539038799e-01
2.703115470984283064e-01
2.656204226848457584e-01
2.621395715546259719e-01
2.568194655317499464e-01
2.545457698114939049e-01
2.558956724597567511e-01
2.538158410536328624e-01
2.519083839235474187e-01
2.478568192441845675e-01
2.458865991445977617e-01
2.532660411847256210e-01
2.597457226694688259e-01
2.760840093329504086e-01
2.580623784229101325e-01
2.540615775199672743e-01
2.473910662127927207e-01
2.490584091498200259e-01
2.481399349802129173e-01
2.532427642955250580e-01
2.555332219940298355e-01
2.544594380881950446e-01
2.568219062670844544e-01
2.628005623189362261e-01
2.655659318361469623e-01
2.720277722344806026e-01
2.740664136972337239e-01
2.780193647479705099e-01
2.812737993685436866e-01
2.840946288607235637e-01
2.869749757020461089e-01
2.923900662822878083e-01
2.957815768280882551e-01
2.061248940698436893e-01
4.691247436012480065e-02
-1.805368451130284768e-02
-3.000453502736555311e-02
-2.038327139482654093e-02
-1.046702460877801943e-02
3.349752395709559849e-03
2.098656609401383655e-02
3.712264294345413163e-02
5.340769847908966028e-02
6.716108329156433854e-02
8.290860831201984915e-02
1.043797948167841660e-01
1.238772300201085308e-01
1.421338534755296479e-01
1.592599551914970490e-01
1.722017807982365589e-01
2.181546204343085549e-01
2.489072809292498523e-01
2.669309379110977876e-01
2.871328206468675148e-01
3.034164802469090372e-01
3.155961047245050555e-01
3.262450202413176292e-01
3.354596058944452341e-01
2.823386969571095584e-01
2.809448961748783891e-01
2.752278231320679502e-01
2.733220009085768343e-01
2.676068753736644545e-01
2.646744144805304177e-01
2.597819436911621427e-01
2.565302086740013365e-01
2.517004875858404045e-01
2.556106482472546571e-01
2.533044793151451035e-01
2.481701270954508320e-01
2.466259134148069965e-01
2.503494687531797602e-01
2.520747835972794171e-01
2.689124220132477205e-01
2.763099201875072186e-01
2.597640142612194225e-01
2.465283098818733531e-01
2.480495134173330563e-01
2.457511972877917117e-01
2.507523528300044102e-01
2.532291672507771541e-01
2.521882435524229749e-01
2.541339159848623463e-01
2.593737774773485771e-01
2.623943763460654388e-01
2.682690266187650607e-01
2.702629827537312845e-01
2.755249740101317624e-01
2.778957789040168436e-01
2.818874572972576154e-01
2.839440361038800820e-01
2.899233677525558939e-01
2.933309621098709741e-01
2.973966265303067402e-01
1.400214826823207304e-01
2.283579726305173807e-02
-2.796057124539441663e-02
-2.604675273307310857e-02
-2.101816431409408992e-02
-3.874681939421309451e-03
7.381010889434547195e-03
2.438187275844660995e-02
4.159258064230009211e-02
5.722172924598689647e-02
7.429021422367276806e-02
8.858324066049183543e-02
1.105110574892627096e-01
1.283980954375578687e-01
1.481000166231931647e-01
1.626124223459883833e-01
1.838925423582677965e-01
2.287526885323829529e-01
2.539425516630899882e-01
2.711083707904820006e-01
2.930865523170660403e-01
3.066784853060859906e-01
3.194339801702339443e-01
3.289900440947479687e-01
3.384195494910391400e-01
3.459220964915645791e-01
3.535822192956681320e-01
3.588845763608630168e-01
3.644815539241699209e-01
3.687188926390956301e-01
3.740144018281388316e-01
3.776241465055625302e-01
3.816356804014564563e-01
3.837008830628807488e-01
3.824624101651390440e-01
3.801940793663993734e-01
3.830492813299577470e-01
3.850054956989275023e-01
3.866926601510494166e-01
3.874248798064809929e-01
3.825289363531743092e-01
3.717267910236614625e-01
3.543073364003104242e-01
3.247557311458715290e-01
3.315243054127725575e-01
3.458438800485204023e-01
3.658554378094995840e-01
3.772324585196760172e-01
3.861395748871745415e-01
3.878037710129718096e-01
3.861492814531872764e-01
3.837185416794124393e-01
3.814941236171245365e-01
3.829165824434972443e-01
3.839337509466038689e-01
3.825022355017284603e-01
3.794788253410248391e-01
3.750240095119896644e-01
3.712272342383060586e-01
3.658555787681008198e-01
3.616305636821963709e-01
3.554021951108243815e-01
3.496392775621832705e-01
3.413404095924941206e-01
3.339715825844853381e-01
3.231698406938092738e-01
3.135503182215912954e-01
2.994171745974039123e-01
2.815758671904566857e-01
2.616446330200541404e-01
2.430589229719746225e-01
2.086650830516216804e-01
1.692031446145330076e-01
1.567811604789921542e-01
1.385084590270955207e-01
1.205513699961162644e-01
1.004113746769819127e-01
7.832132226528254471e-02
6.477620673323158940e-02
5.120233490328018888e-02
3.352242398495342002e-02
1.725362601492874681e-02
2.381740473424986959e-04
-1.243014516076423881e-02
-2.535989873909894055e-02
-2.938880196692617019e-02
-9.525552606837184300e-03
7.322665431884134435e-02
2.656506625299772661e-01
2.945405629368682554e-01
2.907565248669530256e-01
2.868072784588735491e-01
3.275049662207401013e-01
3.359359084333359835e-01
3.447932560865163421e-01
3.511865805683198616e-01
3.581111773802141407e-01
3.625568766796249953e-01
3.681003792411818853e-01
3.721650065318733436e-01
3.771378072509250501e-01
3.804644626353117509e-01
3.839113598507932767e-01
3.842189785465377483e-01
3.839255576178921547e-01
3.820983665460888634e-01
3.845631218792937567e-01
3.866436932281835936e-01
3.880297712783435937e-01
3.847904288118240146e-01
3.727130161345388881e-01
3.590546890500281307e-01
3.341282228176467584e-01
3.172653493935420066e-01
3.400789814360085650e-01
3.615296902123807943e-01
3.741467005973211357e-01
3.842939382914305479e-01
3.870055267616285821e-01
3.865890184569156229e-01
3.845842310995797320e-01
3.819737865254679843e-01
3.838224553490070523e-01
3.837204671306746473e-01
3.836789454555300516e-01
3.799646647492327389e-01
3.767396460464800256e-01
3.718707057913961389e-01
3.676554505992324362e-01
3.625759794368996758e-01
3.574939751822516776e-01
3.506847804767458943e-01
3.442954308299583932e-01
3.352666748736186086e-01
3.261240150882145361e-01
3.153680494767092668e-01
3.031164079163934932e-01
2.866303266369041314e-01
2.665961073718641217e-01
2.483722283778462270e-01
2.169844404280294459e-01
1.719116030978136145e-01
1.589788402100402731e-01
1.417811027423694359e-01
1.235566678090089798e-01
1.040038972210244328e-01
8.224084600900027908e-02
6.675581958340015554e-02
5.323350024282991200e-02
3.410514869855085784e-02
2.067813475124147260e-02
3.028998780868263907e-03
-1.081756246635345864e-02
-2.078887199825474319e-02
-2.976855787760568361e-02
-1.750674532717100274e-02
4.817638426048787004e-02
2.125746263451191442e-01
2.955274938861220946e-01
2.923379154975833671e-01
2.871070646328313103e-01
2.845259873576717613e-01
2.812088322806394203e-01
2.776538358662750117e-01
2.735292092250869445e-01
2.704451566555294839e-01
2.654414819656742974e-01
2.626645243192153867e-01
2.567567482082173669e-01
2.544419234581576372e-01
2.553821124231259176e-01
2.531415943648374078e-01
2.476449882631777122e-01
2.466521882569872037e-01
2.452481239140420488e-01
2.529767709503059070e-01
2.678687263667749452e-01
2.759478972449334044e-01
2.601280838831834252e-01
2.529109102664530706e-01
2.476164697864700059e-01
2.467413604514807624e-01
2.501894749114048633e-01
2.532359046897458832e-01
2.555882961371009898e-01
2.545361159224497349e-01
2.568724717538504176e-01
2.621516532924919041e-01
2.655766775024845927e-01
2.699704433728513653e-01
2.736484936831411474e-01
2.778806992379561080e-01
2.813859868436849876e-01
2.839538145505697830e-01
2.869834526617391912e-01
2.924602207149571420e-01
2.957086623942153381e-01
1.850754707362538554e-01
3.724303630335645821e-02
-2.250318543835694296e-02
-2.989958161858852215e-02
-1.976042803045818808e-02
-9.966822970364552781e-03
4.147619932110657714e-03
2.207650638395053377e-02
3.824854607470884460e-02
5.473064223096502090e-02
7.127604820012733988e-02
8.452685037761331621e-02
1.073188211685338622e-01
1.252486861642225779e-01
1.462630773671527162e-01
1.599413044379021098e-01
1.757256148210075697e-01
2.210951683734523332e-01
2.502837693805493036e-01
2.679225924051895635e-01
2.880930615801979844e-01
3.046778057934149686e-01
3.162779068160666007e-01
