169 504 875 361 579 540 996 678 482 132 786 815 856 795 949 6 844 768 336 308
913 750 750 639 332 279 578 363 195 197 689 185 621 158 705 739 417 808 829 515
124 155 472 526 930 360 162 372 424 720 690 434 418 665 85 318 117 532 868 57
587 470 486 213 349 609 46 579 221 167 727 802 215 189 796 509 236 322 278 643
223 706 454 29 508 851 275 956 368 471 628 71 27 603 84 68 654 703 397 836
560 840 658 442 703 34 367 130 229 516 839 884 537 202 804 753 237 569 503 302
606 971 639 928 144 74 357 715 502 19 725 638 863 115 902 289 251 615 590 12
687 846 938 479 457 266 238 171 117 512 465 20 891 881 731 507 964 328 890 369
788 24 404 989 118 250 322 238 392 67 620 568 701 590 938 719 997 162 456 664
693 456 674 919 122 530 622 785 822 11 953 113 453 885 200 666 950 859 951 617
207 540 602 637 872 142 788 63 198 32 316 423 112 621 748 730 872 373 662 826
932 284 818 961 749 392 400 306 491 975 671 276 773 547 168 671 625 833 341 181
796 569 719 823 778 187 60 997 975 541 418 360 112 694 837 189 857 821 956 962
346 302 580 704 303 254 328 237 275 366 584 266 503 64 139 477 157 420 778 438
560 288 921 701 382 616 18 134 979 749 632 26 897 682 787 917 872 235 243 894
