879 750 934 263 213 399 281 598 345 19 513 115 649 991 631 563 184 427 608 375
266 629 989 525 784 540 689 245 781 850 993 678 295 898 705 156 505 792 132 622
796 768 412 333 915 199 863 114 89 138 13 441 315 585 21 559 214 942 465 923
100 119 629 25 86 458 8 10 100 720 877 876 743 483 498 44 328 339 316 292
348 534 732 271 67 972 757 929 211 176 314 588 235 328 471 77 253 876 780 279
737 705 187 900 557 289 63 116 469 988 350 560 337 687 506 186 552 307 52 208
437 479 477 516 321 443 868 60 522 780 528 775 456 282 135 169 180 196 520 530
169 151 247 490 948 751 348 631 601 679 790 229 697 18 619 54 900 124 12 963
222 112 132 579 82 428 902 505 762 416 640 170 771 877 44 429 490 246 584 755
443 816 479 641 407 572 851 944 430 962 721 373 785 356 25 631 626 270 31 690
765 289 104 47 318 184 432 409 787 339 217 974 701 224 153 510 487 115 724 353
923 324 256 843 329 393 47 578 300 249 596 98 102 61 641 966 763 287 132 882
77 674 567 938 915 685 453 155 164 423 993 510 66 619 439 237 928 624 594 619
390 493 578 743 40 437 260 463 904 971 121 334 736 722 635 731 308 547 22 414
716 308 670 918 969 334 195 534 373 792 631 849 985 820 107 438 817 658 436 94
65 5 91 128 983 102 418 47 333 14 356 8 6 551 301 263 606 857 183 560
599 743 328 143 303 439 848 680 568 749 510 761 320 11 354 467 841 963 751 232
796 702 635 821 696 801 928 895 944 84 842 836 857 47 111 400 871 158 328 709
721 157 56 537 318 886 89 201 909 472 889 204 107 497 968 688 744 321 132 786
811 500 281 871 836 603 996 170 673 1 26 868 977 622 152 582 846 456 643 651
483 935 792 589 421 483 272 202 739 92 931 480 185 368 572 600 550 762 570 766
335 0 897 415 125 530 619 103 398 228 624 506 40 350 652 322 668 552 582 656
848 56 408 561 420 523 447 391 886 298 52 102 641 787 948 265 149 629 638 658
515 164 705 365 980 42 324 445 513 747 439 466 728 406 759 958 601 887 379 465
591 968 151 468 203 937 70 142 827 120 617 63 418 719 757 198 252 735 704 206
866 926 175 297 649 608 362 686 482 651 9 648 256 701 305 60 659 835 653 716
664 141 223 38 631 418 230 966 31 699 793 515 723 210 289 122 511 80 160 642
5 77 228 999 61 396 361 350 466 334 169 676 876 527 142 938 664 868 323 362
91 655 825 760 594 488 739 882 812 786 951 121 223 909 729 690 311 363 405 293
725 984 519 941 750 950 458 951 193 123 694 905 581 657 643 746 756 163 777 25
235 327 758 222 803 80 185 771 589 259 184 183 712 787 147 128 425 265 345 819
791 1 723 57 818 959 653 133 427 682 670 831 421 166 168 230 28 938 486 928
498 242 227 980 110 375 805 49 516 629 765 727 778 808 453 737 182 817 715 458
145 518 831 774 129 492 559 973 238 11 832 228 336 212 285 512 529 489 995 946
716 613 605 80 166 25 698 156 298 586 348 183 440 92 892 35 814 314 346 105
364 320 851 212 26 186 438 479 127 872 367 703 90 47 562 377 983 1 588 430
477 304 443 751 159 220 958 954 452 327 138 442 873 551 970 734 792 862 457 532
301 692 746 796 354 733 937 9 578 83 736 830 228 187 535 725 512 679 397 605
627 536 771 639 507 802 68 663 16 439 944 323 42 716 328 527 258 840 915 79
915 864 607 808 855 324 941 333 444 301 659 697 446 894 793 6 366 219 16 583
920 188 358 673 629 429 34 97 457 399 47 94 816 828 337 451 472 883 935 232
548 648 282 940 305 854 550 882 661 99 905 686 632 146 635 75 604 951 759 692
738 666 902 177 27 838 846 383 127 320 899 307 35 771 764 145 326 82 450 452
91 985 778 105 542 391 330 890 191 148 779 411 281 845 297 846 275 670 74 333
235 193 548 560 647 329 988 699 388 611 677 513 926 264 400 429 739 367 934 587
895 826 565 842 606 132 128 59 409 1 705 379 202 603 817 299 828 78 367 771
802 943 545 288 929 700 438 914 977 770 493 300 98 598 112 657 570 986 441 606
394 437 747 927 576 469 565 121 498 975 729 717 641 895 708 70 114 706 405 642
828 782 362 418 35 86 772 759 705 505 547 442 484 943 238 782 678 599 115 949
138 414 21 743 897 657 858 395 97 9 775 194 813 210 184 579 450 940 884 581
669 938 546 770 408 556 25 399 785 560 54 180 879 285 74 910 381 955 402 271
769 787 538 648 222 218 904 595 750 808 283 62 561 227 938 551 653 374 960 672
565 414 613 274 257 373 517 689 860 851 360 79 424 79 903 924 230 881 559 300
269 617 732 280 241 86 785 662 292 709 40 332 781 249 170 526 56 85 964 503
460 512 589 89 536 208 153 17 921 680 708 887 633 917 571 524 740 857 858 125
654 40 776 527 319 388 94 667 746 362 139 330 229 20 929 984 21 134 284 468
696 942 668 863 597 71 493 862 878 944 370 419 273 27 949 952 688 910 23 889
552 599 1 553 194 572 185 705 98 49 643 699 434 19 771 934 887 490 65 706
857 902 202 466 339 554 697 283 726 2 894 365 300 958 967 361 989 378 410 416
437 146 791 256 403 515 522 117 820 599 865 874 101 786 788 341 739 688 705 432
735 697 165 559 561 250 972 792 916 237 473 423 918 463 174 518 125 666 34 960
688 676 492 450 270 970 659 545 334 167 757 133 287 198 486 687 864 440 294 445
139 145 483 988 699 420 943 306 508 688 488 412 865 410 185 903 625 8 855 507
6 50 711 429 367 904 528 828 335 761 262 493 137 803 171 926 375 886 197 763
32 160 692 98 838 103 998 644 698 64 456 503 923 500 980 518 366 421 707 982
96 182 663 412 198 669 343 587 750 248 723 951 585 240 253 137 308 22 105 833
365 736 429 524 673 354 948 900 857 742 647 707 556 949 684 180 993 563 923 960
699 304 322 398 297 812 610 70 91 997 7 695 668 341 956 855 230 139 366 706
702 72 846 1 54 274 400 611 474 52 39 896 462 140 819 90 362 595 154 155
222 811 107 939 739 235 949 531 265 196 630 832 344 521 344 456 947 896 811 350
879 146 810 226 685 380 778 961 158 945 893 466 170 173 210 537 416 856 871 810
219 508 62 423 158 826 634 85 261 118 248 570 754 585 715 217 301 561 573 120
721 497 697 286 221 691 959 555 333 357 770 5 276 745 690 54 170 15 65 132
88 62 554 378 538 671 615 782 881 904 739 743 32 809 928 79 653 572 312 282
803 28 998 647 252 646 921 50 895 394 110 684 728 488 742 333 218 635 818 451
145 723 325 591 597 244 202 851 674 256 11 816 2 337 573 645 726 68 202 599
466 499 360 227 265 483 323 153 7 990 533 393 787 621 229 370 456 104 21 173
71 552 74 180 625 639 328 170 701 471 367 875 817 418 614 955 365 278 787 256
207 791 488 215 776 332 270 659 849 536 19 509 316 979 394 97 775 648 95 557
992 659 663 834 672 404 961 38 241 218 478 70 440 729 846 671 969 346 235 539
888 270 807 847 204 293 735 585 24 289 498 182 266 482 625 518 954 967 331 796
632 111 111 379 886 349 961 120 627 534 696 232 795 157 88 94 322 568 224 568
354 512 215 668 370 844 855 886 643 900 591 950 560 85 165 935 580 486 931 379
84 922 875 43 233 537 978 716 312 850 159 442 63 142 898 601 646 874 104 883
99 515 383 4 305 858 358 437 456 174 67 658 340 163 479 546 225 439 443 999
983 265 257 826 505 739 805 183 472 895 567 326 728 151 854 55 655 379 939 238
359 500 125 926 303 823 99 762 829 782 8 250 383 388 43 320 752 679 671 422
222 571 665 914 282 472 476 639 182 808 203 869 500 177 59 407 391 447 42 44
657 128 573 515 835 547 322 97 335 485 786 357 328 693 233 497 921 532 18 681
420 209 963 875 781 720 823 317 121 108 261 266 216 94 652 689 319 572 565 990
10 199 668 527 664 618 891 357 732 56 902 671 689 937 177 828 139 694 838 641
42 526 699 983 428 824 14 330 485 401 269 525 644 121 296 781 282 348 646 971
449 360 72 669 725 688 103 26 599 719 397 53 211 247 403 315 178 269 546 769
508 531 913 550 356 627 991 437 401 512 972 174 379 720 349 871 583 716 159 392
197 362 337 113 743 893 123 628 548 955 396 753 287 230 970 791 763 512 620 935
891 778 536 701 101 594 838 770 108 929 18 525 736 96 98 104 283 827 632 575
430 457 96 352 699 205 964 906 794 613 520 973 753 975 624 522 736 42 4 24
363 234 687 872 383 705 581 359 178 465 694 162 373 816 837 140 586 915 390 832
818 807 831 675 199 379 17 48 18 749 868 874 831 80 580 257 249 201 487 636
289 744 365 243 367 810 933 176 361 367 537 723 764 39 24 303 852 235 176 417
90 44 773 173 122 901 68 637 242 361 129 290 56 151 915 749 890 233 371 49
957 286 140 372 883 891 767 550 836 655 681 587 170 969 124 762 913 559 287 830
89 421 304 868 17 450 950 858 158 615 974 949 136 307 422 522 938 983 163 76
272 303 909 8 38 516 820 608 355 982 773 237 91 748 98 922 148 230 916 388
909 901 317 931 50 490 566 716 443 668 313 168 514 508 207 621 666 372 243 874
250 692 841 613 857 977 431 6 148 833 550 317 784 134 157 54 310 371 68 812
346 702 334 738 361 454 909 526 141 44 27 579 774 297 833 11 901 422 270 648
855 417 650 475 928 97 119 141 58 279 199 950 714 812 184 628 106 336 579 236
567 391 221 185 669 551 110 393 720 915 865 15 508 878 51 729 457 39 685 495
263 635 621 416 980 373 630 487 637 906 727 222 30 318 591 592 919 833 179 635
380 832 948 732 103 808 558 4 125 269 882 421 266 186 951 595 643 909 231 425
512 27 95 643 15 119 670 710 266 43 839 14 72 28 372 541 410 857 950 351
724 75 302 758 929 898 679 915 374 59 296 904 571 795 992 283 319 742 719 134
41 459 508 229 794 285 858 700 786 552 943 105 41 679 840 328 976 373 976 683
641 110 398 385 730 706 671 274 73 488 445 699 936 558 437 582 731 458 573 731
77 804 300 521 271 72 650 427 793 601 327 21 940 485 569 173 352 545 682 414
813 644 188 234 432 712 751 407 393 513 381 918 875 823 502 531 73 612 699 178
529 850 108 379 153 417 680 788 23 841 548 871 198 764 114 206 391 597 438 335
980 469 962 453 380 343 57 10 675 655 587 612 170 449 600 510 647 783 341 788
708 735 452 83 998 315 448 572 143 322 314 961 904 939 558 53 734 804 726 151
993 490 716 224 123 499 741 179 956 535 222 201 428 673 683 870 905 934 960 265
132 18 546 532 709 697 699 592 511 242 666 605 785 723 493 651 419 395 567 256
436 49 717 741 81 761 649 910 33 63 40 776 117 699 803 678 340 570 472 81
78 716 630 900 22 531 597 390 14 851 162 225 518 31 351 498 30 270 625 208
994 793 829 242 669 391 3 501 955 600 941 232 921 582 947 197 733 97 17 582
797 210 136 847 900 392 862 297 456 935 14 304 770 568 10 75 823 910 145 437
842 637 400 73 150 386 335 215 361 979 65 735 859 111 346 631 171 35 281 467
395 684 23 995 146 517 356 990 87 32 934 86 144 310 926 511 37 418 613 137
753 308 261 343 374 57 405 990 918 702 582 788 360 114 483 346 372 778 106 900
380 209 813 85 860 141 73 89 805 796 245 524 511 370 330 432 514 770 458 405
84 71 282 427 691 161 224 597 129 756 596 672 620 454 553 388 33 956 203 303
922 302 539 718 825 160 968 905 759 675 403 103 294 517 272 519 657 625 936 407
187 144 228 510 10 462 251 349 675 116 583 792 785 554 934 196 516 377 671 48
212 75 692 763 254 90 175 381 259 27 244 725 181 371 506 567 299 193 665 137
494 314 199 536 913 270 289 179 834 651 23 209 442 940 321 259 626 845 88 967
384 223 972 276 316 639 811 347 766 26 727 716 210 628 917 946 538 692 780 644
166 106 631 933 180 934 453 340 506 663 299 231 801 312 203 431 384 194 59 720
765 633 690 579 183 735 183 666 979 746 372 216 98 41 991 240 4 341 818 153
803 187 131 511 494 493 892 644 685 561 492 393 773 514 17 469 317 781 409 162
657 655 70 615 437 521 940 354 271 134 240 694 902 986 484 392 737 939 992 430
175 909 463 93 6 649 972 832 870 402 196 501 937 800 980 129 442 956 963 272
678 182 118 453 97 76 971 389 353 518 493 143 170 274 737 841 192 988 452 763
587 186 16 548 321 355 676 860 33 206 877 5 209 467 412 399 604 824 372 863
824 739 846 864 882 88 750 891 154 100 176 209 167 883 897 976 301 688 493 298
347 677 435 881 870 5 592 133 979 260 807 803 30 770 393 553 485 847 776 253
211 147 576 56 138 734 851 103 234 643 60 592 861 139 434 961 816 601 510 126
373 782 296 337 21 187 32 418 935 922 868 88 264 210 664 257 955 338 114 671
469 738 440 875 56 38 671 812 524 90 129 927 387 203 81 106 152 448 752 145
603 880 756 612 652 430 5 770 621 857 274 745 988 432 736 565 326 178 246 386
76 882 135 969 908 706 912 930 244 857 740 275 77 984 874 846 824 167 232 512
631 994 312 117 717 273 804 113 303 512 796 347 483 541 43 677 334 281 612 497
814 866 56 819 951 940 851 935 76 427 540 661 693 874 988 708 527 554 583 917
586 981 255 937 983 300 304 808 333 581 862 753 856 394 711 811 376 857 810 296
373 645 356 102 996 990 358 109 477 443 101 640 948 38 25 949 281 759 168 311
497 27 640 934 490 418 454 350 448 68 690 207 267 805 684 928 247 789 177 916
456 273 496 45 901 27 442 735 86 793 916 752 632 154 790 982 124 641 249 510
578 405 879 81 471 569 838 407 382 789 373 431 832 865 453 13 882 90 527 857
697 904 167 917 152 477 66 397 105 873 906 214 415 523 471 108 1 509 564 979
626 912 490 793 176 312 672 741 390 599 624 472 706 216 224 380 952 886 219 977
246 799 739 63 372 282 310 181 894 741 297 911 508 549 121 704 572 688 252 353
502 356 1 964 129 74 42 333 698 969 848 635 325 729 664 114 635 600 601 132
386 102 984 417 431 197 310 232 986 949 921 905 46 160 170 439 115 709 425 35
506 40 881 343 267 405 675 866 662 899 167 737 311 884 395 88 908 821 777 941
466 150 222 15 328 229 212 648 365 654 185 901 894 457 31 603 924 722 761 317
345 672 780 855 878 119 606 560 765 451 750 901 715 158 47 213 200 412 910 179
865 853 741 301 586 851 812 679 469 509 682 895 875 216 22 274 966 733 832 757
445 613 800 531 473 781 769 742 969 558 702 71 826 310 281 653 329 225 137 115
635 759 352 125 635 325 788 793 42 421 350 191 672 353 902 42 351 465 529 579
128 280 206 463 770 575 7 788 478 298 927 278 436 480 784 641 8 887 38 365
766 600 447 454 568 146 838 950 365 50 453 79 391 200 904 343 165 912 33 862
247 738 506 789 197 544 685 966 881 423 320 385 540 606 772 30 216 60 529 799
285 76 248 38 768 495 263 570 817 492 951 31 804 309 17 448 264 697 482 416
570 802 238 742 412 533 310 660 223 413 534 369 271 862 245 722 497 539 256 632
306 905 44 1 568 853 611 715 647 638 133 520 227 843 157 589 324 453 523 872
202 839 540 138 192 266 973 818 599 498 226 845 85 701 631 511 380 375 533 297
548 120 921 949 731 649 924 958 441 684 712 441 581 913 382 329 842 416 106 751
225 67 533 208 855 437 785 796 973 526 165 861 585 340 494 792 41 306 870 920
298 638 696 661 522 467 661 430 466 982 798 928 960 6 61 327 391 714 107 22
239 881 470 439 846 394 140 192 941 640 125 931 450 836 982 149 307 924 804 363
724 57 173 979 284 345 692 69 647 247 285 508 694 222 918 564 696 186 750 842
974 761 666 786 600 26 275 315 942 793 199 287 344 956 236 181 559 199 450 428
818 677 603 188 927 180 753 156 288 563 659 1 843 22 997 474 639 17 901 443
445 497 105 805 643 228 328 328 460 44 541 472 287 985 634 324 209 791 752 518
801 563 74 614 495 64 795 950 106 253 533 921 44 189 267 979 53 468 592 148
144 607 15 396 238 730 981 89 947 754 612 527 838 155 291 695 473 669 969 319
702 163 881 65 393 736 267 969 12 118 104 226 527 18 987 644 55 935 88 335
593 10 967 166 978 235 164 967 791 946 67 43 333 40 25 917 167 370 191 198
926 236 890 107 116 605 10 140 307 188 451 735 219 786 981 111 92 786 83 884
343 632 27 160 836 555 90 33 376 199 350 410 775 259 967 766 651 364 612 85
279 388 5 36 348 882 977 3 861 483 847 830 418 5 994 838 580 18 618 375
435 139 782 211 370 273 140 871 961 888 442 777 908 899 533 923 76 799 135 130
108 273 575 74 415 439 263 87 640 221 665 946 398 758 250 907 898 485 497 640
675 172 28 312 139 352 478 828 783 214 668 331 181 895 534 287 424 132 398 578
131 46 295 885 118 48 918 440 545 279 952 736 819 418 566 468 344 430 236 105
62 37 341 764 570 556 646 968 474 591 1 653 578 807 283 220 557 306 837 100
123 688 448 599 675 865 915 363 637 875 525 412 988 341 203 894 157 326 714 352
256 549 137 748 118 699 943 548 534 674 472 902 913 475 183 511 698 705 893 881
265 130 912 18 508 286 676 403 889 728 479 630 378 492 761 202 666 570 756 902
990 505 358 414 170 482 222 938 671 216 576 963 261 241 455 168 999 922 903 346
790 740 702 509 388 698 638 69 579 746 793 339 353 576 23 640 950 671 530 490
287 10 908 762 727 254 302 3 584 473 136 874 331 635 757 232 398 960 644 417
668 410 599 2 578 73 151 891 600 777 160 186 329 201 936 911 872 304 809 989
1 137 681 22 572 750 841 254 81 624 275 737 830 790 343 916 862 987 208 266
23 657 411 473 927 455 809 650 234 324 831 173 970 855 607 351 265 176 207 288
302 851 654 845 582 952 508 640 486 150 394 942 575 573 416 616 929 292 889 917
837 779 774 270 228 391 943 506 253 930 489 745 697 911 700 820 975 165 321 139
523 518 822 632 596 573 118 686 300 545 370 47 831 29 554 265 865 796 944 47
30 327 820 498 678 696 960 835 538 656 408 534 753 194 314 172 669 719 84 838
155 744 860 501 949 314 402 113 997 401 206 260 660 274 408 479 236 513 349 368
777 858 240 40 83 323 680 47 819 889 320 380 868 779 75 301 722 508 70 613
890 382 229 95 272 58 16 334 824 318 330 122 690 838 160 975 569 76 901 864
693 590 185 838 179 788 622 418 389 435 128 535 962 421 711 859 822 344 904 827
7 734 214 561 320 808 286 201 345 356 584 68 219 74 84 990 344 122 300 511
789 597 265 112 275 427 327 509 563 132 602 51 45 355 714 681 993 806 331 93
466 515 103 876 223 838 891 514 577 457 649 150 543 617 347 624 457 727 787 68
341 784 342 418 472 627 21 773 632 700 744 53 246 847 431 769 419 387 213 204
397 731 632 681 307 808 311 725 192 261 519 200 23 493 61 738 51 454 823 261
396 387 203 917 467 428 348 20 192 425 732 104 872 771 77 560 629 74 634 149
227 775 908 731 123 430 851 704 831 957 28 893 577 336 410 186 236 242 912 245
433 743 744 317 955 303 543 388 121 134 495 194 424 142 155 878 544 417 814 41
455 737 579 200 706 835 460 534 167 252 904 624 766 78 17 547 78 477 227 793
539 238 580 420 40 493 326 663 537 450 310 167 693 467 41 504 29 454 257 854
584 773 374 390 897 490 475 839 68 809 877 13 707 816 627 49 778 92 603 885
546 464 943 640 702 574 813 50 330 728 163 550 60 661 344 976 252 687 151 848
380 849 163 711 261 214 125 970 686 774 542 304 264 47 345 646 471 346 119 333
349 895 953 274 211 222 594 521 315 498 981 757 496 220 541 790 653 37 698 453
707 30 198 104 507 627 355 117 552 751 276 736 319 895 662 614 177 828 949 128
681 320 378 122 848 978 447 558 769 306 96 928 898 521 715 628 355 905 659 546
807 819 986 498 634 894 215 126 985 67 781 837 634 696 314 129 837 418 391 672
937 796 804 398 700 891 971 806 602 454 904 676 811 921 374 934 442 311 821 168
878 50 674 763 424 900 746 560 450 185 902 806 520 816 456 288 992 229 631 510
347 14 491 478 257 31 525 608 107 915 826 383 253 540 903 110 449 788 779 216
589 758 120 252 310 842 902 266 161 690 198 674 782 676 595 319 850 294 762 840
927 268 394 624 166 996 485 930 194 490 688 950 905 189 605 994 392 705 32 538
206 23 12 870 937 77 314 85 976 757 769 925 889 598 2 214 697 558 110 155
336 393 576 798 47 2 133 771 911 892 366 388 110 680 522 60 205 662 882 820
901 656 366 243 175 927 54 531 882 512 561 106 670 518 206 101 247 20 358 643
140 619 495 623 52 122 940 321 14 782 822 189 208 436 64 715 715 123 778 588
538 744 987 817 155 613 857 432 103 642 15 283 632 576 374 965 209 633 734 984
839 524 383 73 564 858 492 274 149 996 489 552 67 518 209 664 162 206 4 935
701 738 29 993 460 635 255 997 837 37 1 949 167 913 28 53 327 511 276 655
401 998 64 901 728 812 602 377 604 215 969 464 952 45 921 978 260 831 418 117
407 896 517 102 524 248 633 591 438 613 231 351 748 543 202 173 177 92 794 223
884 455 444 733 76 682 389 477 472 684 286 360 863 96 695 221 861 584 472 919
607 598 221 394 865 772 304 605 326 613 664 28 704 796 106 521 198 9 277 922
682 455 603 85 256 847 90 860 706 167 611 780 182 792 585 151 682 211 18 455
699 982 535 576 804 220 799 916 516 97 317 804 221 889 165 189 835 906 495 705
644 830 422 601 134 132 478 581 318 467 998 530 576 512 424 213 30 285 706 406
422 574 508 725 121 995 624 65 235 598 11 795 952 702 810 186 932 966 594 276
143 416 232 583 608 873 225 942 766 357 22 507 750 781 212 548 946 143 756 48
730 99 158 379 815 799 219 336 940 830 823 381 557 816 754 299 637 997 495 859
602 892 614 200 687 287 95 192 717 952 801 684 629 399 727 346 395 937 584 974
870 722 996 836 708 938 861 267 311 661 478 264 919 107 721 709 95 399 462 783
267 662 297 290 993 847 157 337 227 722 488 843 733 601 715 703 820 593 908 751
322 889 679 463 880 455 546 84 327 199 90 419 97 515 672 409 241 749 501 370
219 336 132 252 82 126 978 712 190 378 419 691 767 151 581 842 510 460 226 232
922 402 702 680 304 106 140 2 53 773 518 127 52 484 148 584 986 930 422 878
843 824 789 29 899 300 46 432 196 724 547 577 274 96 272 489 627 629 66 991
797 576 34 286 814 131 930 662 387 854 55 665 640 538 53 630 99 276 312 630
601 63 307 461 407 396 413 980 161 948 472 763 703 444 199 987 826 455 289 486
125 873 1 810 155 944 413 820 298 708 985 252 785 726 224 184 639 376 216 59
204 466 693 147 502 232 16 517 619 170 403 818 902 649 356 89 562 968 773 182
977 338 197 301 607 477 157 130 726 896 455 266 795 78 90 63 847 863 13 90
740 571 979 238 361 184 837 828 600 102 92 342 214 199 207 842 348 553 768 71
171 513 582 391 438 981 667 636 140 301 649 860 446 681 840 684 428 137 229 402
178 385 569 469 349 614 211 21 804 660 116 536 386 494 556 264 67 660 891 145
801 915 924 565 850 433 473 320 558 531 888 442 155 284 994 637 30 484 374 187
971 412 981 992 913 17 797 808 893 342 141 832 384 686 122 163 24 545 922 758
669 751 964 629 960 136 682 190 509 163 692 790 265 578 669 515 84 193 6 879
960 49 232 961 799 883 275 578 245 770 143 508 803 975 280 449 784 896 58 791
510 653 872 561 74 138 670 764 969 618 946 74 476 670 54 771 280 22 557 611
76 516 843 127 335 793 203 68 826 257 786 887 943 796 599 869 344 147 632 140
534 247 179 275 449 159 429 386 417 792 862 755 124 131 67 28 904 334 285 777
810 320 780 421 782 413 218 508 223 312 499 753 490 270 641 515 454 784 989 846
373 954 888 795 505 329 145 301 107 122 793 859 82 304 717 320 33 135 362 617
411 802 142 89 284 164 826 924 202 100 596 696 320 467 965 28 86 440 541 740
156 85 966 968 897 660 486 103 220 881 779 47 378 24 924 213 706 996 495 15
886 83 56 839 695 806 139 677 737 958 510 329 244 760 944 695 446 82 991 684
408 500 324 193 988 292 765 538 686 860 590 881 299 677 927 424 868 844 821 442
745 651 534 401 782 215 294 210 632 819 807 400 341 68 783 826 992 378 432 897
136 642 87 248 37 240 477 513 833 103 570 579 7 855 921 709 315 879 491 913
26 740 560 761 945 577 836 947 225 995 831 414 267 650 398 110 614 971 771 769
519 133 361 191 919 502 465 876 712 527 276 219 901 655 399 129 567 986 621 367
46 920 100 805 632 902 41 160 353 895 966 249 734 226 353 15 904 166 73 985
624 100 100 722 946 699 137 176 98 12 608 374 758 25 42 165 473 92 473 837
40 783 296 103 427 86 617 82 117 861 594 27 475 673 659 65 716 931 144 534
505 660 199 961 321 652 333 298 545 286 624 108 159 31 558 863 977 833 226 5
43 313 365 548 409 386 785 198 408 815 680 610 242 369 980 841 930 975 937 866
758 755 927 84 278 229 83 714 684 938 796 75 388 728 820 832 228 975 249 873
54 889 196 511 61 18 907 75 15 235 1 871 951 793 563 66 257 214 101 608
252 555 532 471 717 859 766 830 490 587 969 828 978 501 710 876 152 196 40 688
504 879 46 764 551 37 490 852 595 822 335 892 923 915 696 808 531 120 250 850
240 180 529 233 934 313 359 81 201 792 535 188 386 626 685 851 872 571 919 105
362 849 547 797 63 413 337 925 476 438 167 930 186 619 948 46 343 611 27 127
443 120 741 15 5 764 723 150 317 900 283 698 743 864 660 764 140 869 262 207
213 899 176 447 325 360 386 914 241 920 685 93 750 144 147 66 412 379 711 174
343 731 850 762 194 353 32 22 559 417 257 238 283 820 590 463 517 921 281 54
316 135 860 85 321 934 526 91 2 158 746 28 159 198 813 354 971 383 296 973
470 69 837 580 944 680 87 766 717 256 158 550 248 566 282 76 161 652 26 875
919 761 252 907 561 627 169 749 895 348 200 545 253 760 506 19 256 980 12 152
946 14 332 737 861 734 529 831 319 140 10 873 571 51 679 565 473 422 112 157
588 739 160 738 301 273 83 599 809 36 678 456 387 290 555 792 118 49 933 757
584 899 16 258 537 709 33 604 263 972 162 152 606 37 274 596 691 100 15 715
425 279 459 9 575 883 963 406 799 645 336 909 733 647 292 25 865 957 71 153
965 387 176 854 892 557 725 222 958 153 946 176 785 566 982 40 942 420 406 24
573 247 510 559 408 332 20 904 98 582 233 474 772 452 494 204 224 672 22 114
784 131 90 998 73 500 382 349 768 427 96 351 366 356 943 276 430 106 870 150
398 792 354 665 268 581 471 502 975 687 847 21 574 474 69 86 182 958 14 459
803 333 635 121 986 527 990 954 128 52 286 382 12 229 377 175 910 80 284 419
563 130 973 146 305 988 207 779 562 539 262 198 592 139 971 768 866 892 266 808
171 26 415 781 779 675 631 560 971 938 456 418 40 428 283 425 656 530 107 471
381 7 984 213 121 327 490 468 390 994 740 297 197 5 58 918 556 863 481 166
394 535 36 376 149 696 73 87 605 590 347 182 754 522 867 913 880 869 701 872
570 910 248 961 689 145 488 419 315 751 652 192 579 910 446 439 326 609 582 710
557 343 528 209 29 930 220 257 856 973 162 769 820 206 720 776 885 539 533 955
17 362 3 410 743 408 811 269 677 848 512 943 838 946 870 220 835 1 702 793
722 226 546 419 901 897 146 373 734 249 722 122 690 561 985 562 769 122 626 961
525 265 186 663 76 966 50 146 693 471 34 281 344 79 397 756 683 458 338 299
931 392 620 696 236 839 196 351 5 336 288 150 606 372 984 67 647 69 164 553
551 113 363 903 240 859 75 29 562 665 369 311 722 356 188 80 993 261 27 995
149 495 291 969 962 407 203 153 624 735 225 703 463 242 536 212 48 132 230 260
232 609 841 370 391 291 273 500 887 479 64 417 857 670 799 443 532 155 375 99
426 128 869 368 779 346 984 798 592 483 85 123 977 303 993 111 81 489 272 754
778 625 260 951 191 92 56 431 570 60 209 564 494 194 589 558 923 436 422 431
500 9 700 832 575 972 297 703 410 785 290 562 949 984 882 785 418 893 854 390
957 193 439 665 486 166 852 717 850 277 330 38 443 357 123 15 951 87 239 140
903 17 228 502 764 552 650 990 412 517 539 501 911 637 516 920 784 55 299 777
953 487 604 600 757 423 205 580 825 954 760 749 391 699 42 735 832 59 683 637
962 862 455 179 876 331 934 522 340 686 929 20 442 159 343 747 373 653 228 882
153 515 410 333 997 909 587 173 793 277 593 471 176 219 880 929 717 564 635 193
949 730 689 239 887 298 989 410 665 283 742 348 665 399 809 601 810 418 215 822
181 474 992 262 317 866 816 261 67 526 231 98 165 401 951 798 678 811 49 850
819 80 299 876 510 197 943 477 911 346 428 445 307 111 91 264 123 760 351 207
66 543 994 780 847 641 210 362 69 478 661 616 127 859 712 747 148 441 200 863
359 9 309 336 755 846 986 531 835 196 118 663 515 852 236 252 21 387 219 35
37 893 712 871 852 912 827 271 59 99 58 697 706 267 857 624 809 125 61 370
881 946 908 700 792 574 567 421 972 727 263 797 733 40 675 710 372 919 138 600
623 79 677 992 650 813 982 25 351 290 364 92 372 280 361 963 570 145 818 75
379 242 204 365 509 142 709 550 605 449 314 365 672 432 138 937 459 982 30 390
297 834 739 855 890 464 242 652 559 335 84 842 820 505 627 245 209 270 64 943
419 654 62 998 719 182 201 555 784 603 441 681 508 746 183 110 399 202 69 63
868 245 140 279 767 737 130 140 282 211 383 643 484 256 958 520 757 25 339 394
561 838 148 293 893 357 668 257 335 32 194 347 380 667 105 926 565 877 928 787
455 37 545 373 351 208 856 117 324 115 295 560 765 857 485 626 61 558 764 127
984 822 632 241 907 701 900 185 641 267 654 416 945 167 16 243 708 715 538 653
797 536 525 989 456 884 989 968 867 295 301 343 256 195 407 147 257 507 826 347
134 161 211 55 80 473 837 84 959 487 272 767 491 747 535 881 282 78 846 464
843 520 911 499 494 944 478 922 308 867 267 642 779 922 37 171 256 774 969 555
920 174 705 270 138 63 530 173 563 504 926 375 633 521 438 770 57 472 248 555
425 203 745 656 485 93 493 20 568 218 914 807 688 866 196 914 531 49 212 189
207 480 356 580 294 820 569 834 283 420 398 681 469 947 69 819 437 401 680 215
604 535 975 545 376 473 646 972 195 585 780 181 40 802 74 938 130 280 419 284
502 254 50 523 506 761 447 565 69 308 622 644 464 933 801 750 753 778 289 871
807 531 848 883 485 253 296 125 453 895 230 949 633 614 229 392 57 644 680 285
155 252 581 2 244 259 433 856 689 755 848 692 976 557 462 162 938 219 420 673
890 50 585 569 538 514 152 218 78 797 134 231 858 937 910 422 773 274 841 568
69 420 66 353 213 531 860 589 452 347 942 551 815 726 704 539 341 972 72 663
874 691 281 677 921 505 969 429 131 501 300 746 278 894 973 969 901 823 864 287
825 443 63 643 614 398 537 300 289 825 664 763 384 703 139 469 496 565 299 237
346 629 270 682 963 177 701 605 572 272 678 110 187 932 991 104 110 608 653 414
967 125 803 91 805 282 814 408 121 343 206 247 65 495 889 555 597 129 9 780
448 52 480 811 376 764 26 688 237 552 179 336 995 112 953 306 190 788 938 596
156 188 670 91 399 529 171 733 759 370 234 710 775 71 179 26 582 243 105 361
392 715 103 551 154 74 36 400 133 40 328 422 551 597 636 385 37 130 540 768
53 772 649 7 540 101 459 620 640 71 203 657 338 579 752 558 534 172 562 395
159 264 223 729 714 362 894 703 854 691 334 552 843 479 678 277 395 896 626 707
703 834 316 200 69 631 799 180 447 862 583 601 967 291 575 801 341 774 478 896
437 296 89 321 336 189 956 377 775 655 88 275 915 308 821 314 145 452 759 324
650 880 122 856 515 454 413 298 10 965 260 816 420 73 498 898 411 441 26 219
812 485 99 360 832 519 154 946 361 713 911 267 791 904 877 134 546 251 799 120
902 393 930 634 641 38 775 496 433 561 20 327 153 381 803 74 51 426 552 730
651 402 168 4 177 566 283 174 563 690 418 188 703 771 889 134 435 503 201 689
145 333 817 40 970 816 340 635 73 165 718 330 407 868 408 477 246 439 166 446
992 875 194 596 680 461 257 929 322 258 257 329 708 417 684 189 705 700 852 711
610 618 950 780 251 536 340 270 304 525 520 970 305 745 432 775 995 889 782 937
764 567 952 321 296 526 610 110 266 623 869 244 57 808 82 768 268 239 957 943
473 999 306 188 837 765 116 659 985 672 880 97 102 943 403 415 294 126 924 922
201 615 517 652 282 509 748 825 190 259 133 247 240 984 691 112 316 471 490 921
27 451 820 570 560 749 102 433 211 480 918 76 791 322 328 672 926 661 129 217
608 165 462 297 4 289 782 862 591 736 340 985 671 680 339 422 896 908 237 354
93 564 641 317 312 242 97 774 816 760 109 143 421 437 201 980 963 391 32 122
11 637 648 183 186 117 263 62 487 872 281 701 953 679 537 277 140 536 482 436
855 880 740 431 562 545 963 899 768 209 855 17 572 923 363 844 926 784 687 339
71 366 440 613 863 727 217 509 290 97 990 487 881 412 515 155 695 118 353 892
821 505 976 43 794 687 243 843 915 559 522 898 363 359 394 250 283 786 872 936
678 120 959 835 808 573 817 689 578 281 593 833 592 426 725 402 368 180 552 9
773 283 531 613 173 729 286 472 300 84 278 559 463 106 12 278 656 453 828 840
328 827 82 150 428 728 144 637 577 115 962 321 242 407 144 642 763 953 219 349
789 196 566 36 43 842 568 773 457 801 914 352 59 568 78 77 202 35 748 557
232 905 164 692 269 393 507 583 543 192 848 497 784 661 481 482 25 16 979 547
187 873 10 847 269 86 213 13 605 873 589 687 948 18 892 578 434 807 815 568
373 281 702 611 399 372 761 874 1 792 180 476 133 867 589 731 742 599 956 49
56 390 739 60 557 111 119 124 535 931 69 228 869 992 949 199 254 479 677 841
243 24 449 662 675 148 704 125 567 484 323 860 410 376 95 438 783 687 822 543
257 475 729 265 310 595 510 741 224 748 250 596 394 198 749 580 43 937 489 747
191 699 570 869 400 327 210 150 985 524 238 426 385 348 109 498 991 601 253 124
793 724 348 212 638 397 242 421 157 290 409 859 460 614 0 333 467 48 493 889
775 432 711 26 255 287 986 167 708 53 911 446 811 12 66 172 342 313 401 623
213 868 946 715 566 438 783 968 353 315 989 542 251 737 813 988 502 66 579 946
238 307 480 388 699 670 275 257 295 879 15 771 797 662 390 163 296 278 826 355
610 46 542 213 434 645 199 956 628 472 747 728 935 671 402 235 73 680 563 399
359 577 728 214 919 774 435 115 55 451 240 856 114 229 668 417 194 700 558 573
794 190 21 911 397 278 102 688 789 122 583 585 560 718 525 30 306 358 637 495
595 315 225 717 865 649 898 541 844 139 125 423 163 65 649 750 408 887 571 425
981 798 626 675 212 297 412 430 355 270 425 900 773 870 859 199 442 195 822 173
234 899 429 676 124 539 695 909 567 212 292 369 68 189 25 7 968 596 212 957
779 923 328 625 815 928 572 87 505 102 251 734 88 664 563 975 816 209 371 959
28 95 549 269 623 781 961 802 61 60 496 363 739 991 878 947 245 313 345 166
69 539 223 27 588 129 732 385 93 714 805 999 82 468 711 725 13 601 136 20
2 327 209 45 146 60 264 553 610 786 618 206 399 64 473 827 738 872 869 958
564 37 921 540 861 889 541 184 75 448 916 117 147 127 63 910 438 922 786 578
590 336 700 9 591 134 982 908 609 600 915 134 847 520 579 319 277 124 935 161
714 649 995 935 714 278 915 307 630 230 928 744 674 350 379 171 678 822 495 192
694 884 993 705 435 839 753 419 264 702 590 395 804 752 314 100 430 836 364 50
359 567 770 620 616 753 207 217 735 795 952 439 329 813 419 872 76 525 29 6
204 913 28 367 651 822 816 909 145 23 35 930 597 555 474 379 356 614 204 678
9 894 711 700 907 521 616 151 878 876 247 614 742 491 841 558 990 412 7 27
93 497 523 400 741 436 378 508 136 786 964 681 213 498 886 748 665 707 240 813
677 484 32 185 478 73 143 74 574 661 190 884 49 130 120 353 910 679 402 101
728 921 743 885 403 117 534 302 576 36 952 495 385 224 742 809 59 367 480 138
138 178 640 43 196 934 360 150 770 95 659 12 758 78 113 428 394 759 360 377
845 481 970 914 343 725 437 73 809 185 847 671 856 806 274 660 977 287 616 504
673 171 857 633 863 823 522 237 688 257 855 168 366 336 672 712 43 396 108 14
836 120 178 393 268 743 353 643 230 872 460 485 919 598 34 386 377 118 31 85
468 943 22 387 826 242 207 712 685 625 175 49 643 358 785 909 17 812 741 662
552 455 793 280 304 658 475 896 747 514 632 671 106 424 498 106 420 200 825 787
848 290 859 95 744 564 398 17 57 228 720 162 292 122 712 797 980 163 426 726
431 103 113 708 770 886 431 733 657 485 380 654 503 675 660 707 953 467 21 647
520 178 461 738 934 774 337 980 954 998 28 621 904 353 676 543 341 733 842 670
478 203 923 109 122 148 557 692 170 926 166 683 463 773 538 142 508 569 510 241
471 416 795 637 457 860 119 701 217 750 455 14 453 185 244 14 745 501 289 31
689 733 184 909 348 155 628 416 221 846 407 6 788 998 985 994 70 443 448 515
313 27 661 157 769 530 730 300 663 542 149 361 538 271 331 908 197 76 404 960
76 332 4 824 23 737 456 647 410 326 122 986 144 253 43 431 12 326 625 688
313 240 528 180 932 365 427 447 720 940 390 56 785 800 692 499 936 692 459 915
33 895 251 86 242 260 478 216 85 816 146 397 775 843 588 682 364 45 402 846
778 591 851 303 150 649 246 342 512 765 950 289 680 93 755 859 825 694 814 484
601 981 604 767 495 720 273 570 664 486 780 818 962 238 187 977 208 660 71 806
87 899 82 806 284 515 68 762 945 441 770 692 128 857 486 815 62 365 504 948
381 373 314 586 956 513 842 31 238 431 431 185 980 125 961 787 227 681 839 73
853 27 629 211 87 257 274 719 199 347 613 559 808 601 78 32 129 390 128 365
942 914 587 735 492 344 567 716 541 809 439 397 565 512 771 423 326 244 451 579
898 662 918 630 947 252 592 612 626 544 965 30 882 609 768 618 966 821 540 17
313 326 271 555 390 594 241 40 69 340 825 5 568 50 720 944 137 73 167 741
288 726 855 477 545 584 376 607 271 661 921 407 372 338 464 333 998 997 469 775
985 834 605 390 458 29 235 478 75 635 656 834 111 364 391 796 849 411 300 97
850 855 230 875 177 106 407 401 259 611 137 727 288 427 523 81 131 947 540 728
985 119 282 311 330 118 152 517 464 276 39 579 27 355 439 737 659 982 106 714
534 222 424 770 680 735 391 427 737 483 83 792 36 660 566 634 101 140 423 455
777 972 667 658 421 239 116 603 354 417 317 363 724 798 798 831 885 467 581 469
